# U[MeV]  T[MeV]  NCUMUL   RHOOBS   RHOTOT     J=0      J=1      J=2      J=3      J=4      J=5      J=6      J=7      J=8      J=9     J=10     J=11     J=12     J=13     J=14     J=15     J=16     J=17     J=18     J=19     J=20     J=21     J=22     J=23     J=24     J=25     J=26     J=27     J=28     J=29
   0.25  0.500  2.67E+00 2.67E+00 2.67E+00  1.03E-01 2.86E-01 4.07E-01 4.51E-01 4.24E-01 3.50E-01 2.59E-01 1.73E-01 1.05E-01 5.79E-02 2.93E-02 1.36E-02 5.76E-03 2.25E-03 8.08E-04 2.67E-04 8.13E-05 2.28E-05 5.90E-06 1.41E-06 3.09E-07 6.27E-08 1.17E-08 2.03E-09 3.23E-10 4.76E-11 6.46E-12 8.11E-13 9.40E-14 1.01E-14
   0.50  0.500  9.43E+00 6.76E+00 6.76E+00  1.72E-01 4.89E-01 7.36E-01 8.84E-01 9.26E-01 8.76E-01 7.62E-01 6.14E-01 4.62E-01 3.26E-01 2.16E-01 1.35E-01 7.92E-02 4.40E-02 2.31E-02 1.14E-02 5.37E-03 2.38E-03 1.00E-03 4.00E-04 1.51E-04 5.41E-05 1.83E-05 5.90E-06 1.80E-06 5.21E-07 1.43E-07 3.73E-08 9.22E-09 2.16E-09
   0.75  0.500  2.66E+01 1.72E+01 1.72E+01  3.51E-01 1.01E+00 1.55E+00 1.92E+00 2.09E+00 2.08E+00 1.92E+00 1.66E+00 1.35E+00 1.04E+00 7.64E-01 5.32E-01 3.53E-01 2.23E-01 1.35E-01 7.75E-02 4.27E-02 2.25E-02 1.13E-02 5.45E-03 2.51E-03 1.11E-03 4.69E-04 1.90E-04 7.37E-05 2.74E-05 9.75E-06 3.32E-06 1.09E-06 3.41E-07
   1.00  0.500  7.01E+01 4.35E+01 4.35E+01  7.68E-01 2.22E+00 3.45E+00 4.34E+00 4.85E+00 4.96E+00 4.74E+00 4.26E+00 3.63E+00 2.95E+00 2.28E+00 1.69E+00 1.20E+00 8.17E-01 5.34E-01 3.35E-01 2.02E-01 1.17E-01 6.52E-02 3.50E-02 1.81E-02 8.99E-03 4.31E-03 1.99E-03 8.82E-04 3.78E-04 1.56E-04 6.19E-05 2.37E-05 8.77E-06
   1.25  0.500  1.73E+02 1.03E+02 1.03E+02  1.63E+00 4.74E+00 7.41E+00 9.43E+00 1.07E+01 1.11E+01 1.09E+01 1.00E+01 8.83E+00 7.42E+00 5.97E+00 4.61E+00 3.42E+00 2.45E+00 1.68E+00 1.12E+00 7.16E-01 4.43E-01 2.64E-01 1.52E-01 8.49E-02 4.57E-02 2.38E-02 1.20E-02 5.83E-03 2.74E-03 1.25E-03 5.49E-04 2.34E-04 9.65E-05
   1.50  0.500  3.59E+02 1.85E+02 1.85E+02  2.67E+00 7.79E+00 1.23E+01 1.57E+01 1.80E+01 1.90E+01 1.89E+01 1.78E+01 1.60E+01 1.38E+01 1.14E+01 9.07E+00 6.97E+00 5.16E+00 3.69E+00 2.56E+00 1.71E+00 1.11E+00 6.96E-01 4.23E-01 2.49E-01 1.42E-01 7.85E-02 4.21E-02 2.19E-02 1.10E-02 5.40E-03 2.56E-03 1.18E-03 5.26E-04
   1.75  0.500  6.74E+02 3.16E+02 3.16E+02  4.22E+00 1.23E+01 1.95E+01 2.51E+01 2.90E+01 3.10E+01 3.12E+01 2.98E+01 2.73E+01 2.39E+01 2.02E+01 1.65E+01 1.30E+01 9.89E+00 7.30E+00 5.21E+00 3.61E+00 2.43E+00 1.58E+00 1.00E+00 6.15E-01 3.67E-01 2.13E-01 1.20E-01 6.56E-02 3.49E-02 1.80E-02 9.06E-03 4.43E-03 2.10E-03
   2.00  0.500  1.21E+03 5.34E+02 5.34E+02  6.68E+00 1.95E+01 3.10E+01 4.02E+01 4.68E+01 5.04E+01 5.12E+01 4.96E+01 4.59E+01 4.09E+01 3.52E+01 2.92E+01 2.35E+01 1.83E+01 1.38E+01 1.01E+01 7.22E+00 4.99E+00 3.36E+00 2.20E+00 1.40E+00 8.63E-01 5.20E-01 3.04E-01 1.74E-01 9.64E-02 5.21E-02 2.74E-02 1.41E-02 7.02E-03
   2.25  0.500  2.29E+03 1.08E+03 1.08E+03  1.27E+01 3.73E+01 5.94E+01 7.74E+01 9.05E+01 9.82E+01 1.01E+02 9.84E+01 9.23E+01 8.33E+01 7.26E+01 6.13E+01 5.01E+01 3.97E+01 3.06E+01 2.29E+01 1.67E+01 1.18E+01 8.16E+00 5.48E+00 3.59E+00 2.29E+00 1.42E+00 8.59E-01 5.07E-01 2.92E-01 1.64E-01 8.94E-02 4.77E-02 2.48E-02
   2.50  0.500  4.28E+03 1.99E+03 1.99E+03  2.23E+01 6.56E+01 1.04E+02 1.37E+02 1.61E+02 1.75E+02 1.81E+02 1.78E+02 1.69E+02 1.54E+02 1.36E+02 1.16E+02 9.64E+01 7.77E+01 6.09E+01 4.64E+01 3.45E+01 2.49E+01 1.76E+01 1.21E+01 8.09E+00 5.28E+00 3.37E+00 2.10E+00 1.27E+00 7.54E-01 4.36E-01 2.47E-01 1.36E-01 7.33E-02
   2.75  0.500  7.91E+03 3.63E+03 3.63E+03  3.89E+01 1.14E+02 1.82E+02 2.39E+02 2.82E+02 3.10E+02 3.22E+02 3.20E+02 3.05E+02 2.81E+02 2.50E+02 2.17E+02 1.82E+02 1.49E+02 1.18E+02 9.14E+01 6.90E+01 5.08E+01 3.65E+01 2.55E+01 1.75E+01 1.17E+01 7.61E+00 4.85E+00 3.02E+00 1.84E+00 1.09E+00 6.33E-01 3.60E-01 2.00E-01
   3.00  0.500  1.45E+04 6.63E+03 6.63E+03  6.81E+01 2.00E+02 3.20E+02 4.21E+02 4.98E+02 5.50E+02 5.74E+02 5.73E+02 5.51E+02 5.12E+02 4.60E+02 4.02E+02 3.41E+02 2.82E+02 2.27E+02 1.78E+02 1.36E+02 1.02E+02 7.44E+01 5.30E+01 3.69E+01 2.51E+01 1.67E+01 1.09E+01 6.91E+00 4.30E+00 2.62E+00 1.56E+00 9.06E-01 5.16E-01
   3.25  0.500  2.65E+04 1.20E+04 1.20E+04  1.18E+02 3.48E+02 5.58E+02 7.37E+02 8.75E+02 9.68E+02 1.02E+03 1.02E+03 9.87E+02 9.23E+02 8.37E+02 7.37E+02 6.32E+02 5.28E+02 4.30E+02 3.41E+02 2.65E+02 2.00E+02 1.48E+02 1.07E+02 7.59E+01 5.25E+01 3.56E+01 2.35E+01 1.53E+01 9.68E+00 6.01E+00 3.66E+00 2.18E+00 1.27E+00
   3.50  0.500  4.85E+04 2.19E+04 2.19E+04  2.09E+02 6.14E+02 9.85E+02 1.30E+03 1.55E+03 1.72E+03 1.82E+03 1.83E+03 1.78E+03 1.68E+03 1.53E+03 1.36E+03 1.18E+03 9.91E+02 8.15E+02 6.54E+02 5.13E+02 3.93E+02 2.95E+02 2.16E+02 1.55E+02 1.09E+02 7.48E+01 5.04E+01 3.32E+01 2.14E+01 1.36E+01 8.41E+00 5.10E+00 3.04E+00
   3.75  0.500  8.87E+04 4.02E+04 4.02E+04  3.70E+02 1.09E+03 1.75E+03 2.32E+03 2.77E+03 3.09E+03 3.27E+03 3.31E+03 3.24E+03 3.07E+03 2.82E+03 2.52E+03 2.19E+03 1.86E+03 1.55E+03 1.25E+03 9.92E+02 7.69E+02 5.83E+02 4.33E+02 3.14E+02 2.24E+02 1.56E+02 1.07E+02 7.13E+01 4.68E+01 3.01E+01 1.90E+01 1.17E+01 7.10E+00
   4.00  0.500  1.62E+05 7.38E+04 7.38E+04  6.58E+02 1.94E+03 3.12E+03 4.14E+03 4.95E+03 5.54E+03 5.88E+03 5.98E+03 5.88E+03 5.59E+03 5.17E+03 4.65E+03 4.08E+03 3.49E+03 2.92E+03 2.38E+03 1.91E+03 1.49E+03 1.14E+03 8.57E+02 6.30E+02 4.54E+02 3.21E+02 2.22E+02 1.51E+02 1.00E+02 6.54E+01 4.19E+01 2.63E+01 1.62E+01
   4.25  0.500  2.98E+05 1.35E+05 1.35E+05  1.17E+03 3.45E+03 5.56E+03 7.38E+03 8.85E+03 9.92E+03 1.06E+04 1.08E+04 1.06E+04 1.02E+04 9.46E+03 8.56E+03 7.55E+03 6.51E+03 5.48E+03 4.51E+03 3.64E+03 2.87E+03 2.22E+03 1.68E+03 1.25E+03 9.11E+02 6.51E+02 4.56E+02 3.13E+02 2.11E+02 1.40E+02 9.07E+01 5.78E+01 3.62E+01
   4.50  0.500  5.44E+05 2.46E+05 2.46E+05  2.08E+03 6.12E+03 9.86E+03 1.31E+04 1.58E+04 1.77E+04 1.89E+04 1.94E+04 1.92E+04 1.84E+04 1.72E+04 1.57E+04 1.39E+04 1.20E+04 1.02E+04 8.48E+03 6.89E+03 5.48E+03 4.28E+03 3.27E+03 2.45E+03 1.80E+03 1.30E+03 9.22E+02 6.41E+02 4.38E+02 2.93E+02 1.93E+02 1.25E+02 7.90E+01
   4.75  0.500  9.93E+05 4.49E+05 4.49E+05  3.69E+03 1.09E+04 1.76E+04 2.34E+04 2.82E+04 3.17E+04 3.39E+04 3.49E+04 3.47E+04 3.34E+04 3.13E+04 2.86E+04 2.56E+04 2.23E+04 1.90E+04 1.59E+04 1.30E+04 1.04E+04 8.20E+03 6.32E+03 4.78E+03 3.55E+03 2.59E+03 1.85E+03 1.30E+03 8.97E+02 6.08E+02 4.05E+02 2.65E+02 1.70E+02
   5.00  0.500  1.81E+06 8.16E+05 8.16E+05  6.53E+03 1.93E+04 3.11E+04 4.15E+04 5.01E+04 5.65E+04 6.06E+04 6.25E+04 6.23E+04 6.03E+04 5.68E+04 5.21E+04 4.67E+04 4.10E+04 3.52E+04 2.95E+04 2.43E+04 1.96E+04 1.56E+04 1.21E+04 9.23E+03 6.91E+03 5.08E+03 3.67E+03 2.60E+03 1.81E+03 1.24E+03 8.36E+02 5.53E+02 3.60E+02
   5.50  0.500  4.55E+06 2.74E+06 2.74E+06  2.09E+04 6.18E+04 9.99E+04 1.34E+05 1.62E+05 1.83E+05 1.97E+05 2.04E+05 2.05E+05 2.00E+05 1.89E+05 1.75E+05 1.58E+05 1.40E+05 1.22E+05 1.03E+05 8.61E+04 7.04E+04 5.65E+04 4.45E+04 3.44E+04 2.62E+04 1.96E+04 1.44E+04 1.04E+04 7.37E+03 5.14E+03 3.53E+03 2.38E+03 1.58E+03
   6.00  0.500  1.37E+07 9.17E+06 9.17E+06  6.72E+04 1.99E+05 3.21E+05 4.31E+05 5.22E+05 5.93E+05 6.42E+05 6.68E+05 6.73E+05 6.60E+05 6.30E+05 5.87E+05 5.35E+05 4.77E+05 4.18E+05 3.58E+05 3.01E+05 2.49E+05 2.02E+05 1.61E+05 1.26E+05 9.75E+04 7.39E+04 5.51E+04 4.04E+04 2.91E+04 2.07E+04 1.44E+04 9.92E+03 6.71E+03
   6.50  0.500  4.41E+07 3.04E+07 3.04E+07  2.14E+05 6.33E+05 1.03E+06 1.38E+06 1.67E+06 1.91E+06 2.07E+06 2.16E+06 2.19E+06 2.16E+06 2.07E+06 1.94E+06 1.78E+06 1.60E+06 1.41E+06 1.22E+06 1.04E+06 8.65E+05 7.10E+05 5.72E+05 4.54E+05 3.54E+05 2.71E+05 2.05E+05 1.52E+05 1.11E+05 8.02E+04 5.69E+04 3.97E+04 2.73E+04
   7.00  0.500  1.46E+08 1.02E+08 1.02E+08  6.97E+05 2.06E+06 3.34E+06 4.49E+06 5.47E+06 6.25E+06 6.80E+06 7.14E+06 7.26E+06 7.17E+06 6.92E+06 6.53E+06 6.03E+06 5.45E+06 4.84E+06 4.22E+06 3.61E+06 3.04E+06 2.52E+06 2.05E+06 1.64E+06 1.29E+06 1.00E+06 7.66E+05 5.76E+05 4.27E+05 3.11E+05 2.24E+05 1.58E+05 1.11E+05
   7.50  0.500  4.92E+08 3.45E+08 3.45E+08  2.27E+06 6.73E+06 1.09E+07 1.47E+07 1.79E+07 2.05E+07 2.24E+07 2.36E+07 2.41E+07 2.39E+07 2.31E+07 2.19E+07 2.04E+07 1.85E+07 1.66E+07 1.45E+07 1.25E+07 1.06E+07 8.87E+06 7.28E+06 5.88E+06 4.68E+06 3.67E+06 2.83E+06 2.15E+06 1.61E+06 1.19E+06 8.66E+05 6.21E+05 4.39E+05
   8.00  0.500  1.66E+09 1.16E+09 1.16E+09  7.43E+06 2.20E+07 3.58E+07 4.82E+07 5.89E+07 6.75E+07 7.39E+07 7.80E+07 7.98E+07 7.96E+07 7.74E+07 7.37E+07 6.87E+07 6.29E+07 5.65E+07 4.99E+07 4.33E+07 3.70E+07 3.11E+07 2.57E+07 2.10E+07 1.68E+07 1.33E+07 1.04E+07 7.96E+06 6.02E+06 4.49E+06 3.31E+06 2.40E+06 1.71E+06
   8.50  0.500  5.58E+09 3.93E+09 3.93E+09  2.43E+07 7.21E+07 1.17E+08 1.58E+08 1.94E+08 2.22E+08 2.44E+08 2.58E+08 2.65E+08 2.65E+08 2.59E+08 2.47E+08 2.32E+08 2.13E+08 1.93E+08 1.71E+08 1.49E+08 1.28E+08 1.09E+08 9.05E+07 7.43E+07 6.01E+07 4.79E+07 3.76E+07 2.92E+07 2.23E+07 1.68E+07 1.25E+07 9.14E+06 6.61E+06
