# # Ex[MeV] nld[MeV^-1]
1.030000000000000027e+00 4.862918654378735539e+01
1.080495412844036718e+00 5.868378694449990718e+01
1.130990825688073409e+00 7.021187655319960186e+01
1.181486238532110100e+00 8.334896147991182147e+01
1.231981651376146791e+00 9.823627368471697707e+01
1.282477064220183482e+00 1.127778981761922097e+02
1.332972477064220174e+00 1.274108539797375528e+02
1.383467889908256865e+00 1.432909073408954725e+02
1.433963302752293556e+00 1.604729761760700342e+02
1.484458715596330247e+00 1.790122982856319425e+02
1.534954128440366938e+00 2.003142206416609667e+02
1.585449541284403630e+00 2.239982946781792066e+02
1.635944954128440321e+00 2.496064939235536428e+02
1.686440366972477012e+00 2.772284661376172039e+02
1.736935779816513703e+00 3.069551204491771728e+02
1.787431192660550394e+00 3.419749919316565183e+02
1.837926605504587085e+00 3.810362248036595361e+02
1.888422018348623777e+00 4.233163091467702657e+02
1.938917431192660468e+00 4.689837078001287409e+02
1.989412844036697159e+00 5.182109058372508343e+02
2.039908256880734072e+00 5.962819095706540793e+02
2.090403669724770541e+00 6.915165539362039908e+02
2.140899082568807010e+00 7.991300857006293654e+02
2.191394495412843924e+00 9.203816655513528531e+02
2.241889908256880837e+00 1.056624658351799781e+03
2.292385321100917306e+00 1.203482264582394919e+03
2.342880733944953775e+00 1.365620332999501670e+03
2.393376146788990688e+00 1.545431441500544679e+03
2.443871559633027601e+00 1.744407249235910513e+03
2.494366972477064071e+00 1.964130199867707688e+03
2.544862385321100540e+00 2.226221181097037970e+03
2.595357798165137453e+00 2.519900841709969882e+03
2.645853211009174366e+00 2.845519625067913694e+03
2.696348623853210835e+00 3.205840586028252346e+03
2.746844036697247304e+00 3.603806738286834388e+03
2.797339449541284218e+00 4.085286789785491692e+03
2.847834862385321131e+00 4.623927693240182634e+03
2.898330275229357600e+00 5.222207431610268031e+03
2.948825688073394069e+00 5.885514886751749145e+03
2.999321100917430982e+00 6.619620049099000425e+03
3.049816513761467895e+00 7.490827559691252645e+03
3.100311926605504809e+00 8.460422679033159511e+03
3.150807339449540834e+00 9.536746986385260243e+03
3.201302752293577747e+00 1.072955125123581274e+04
3.251798165137614660e+00 1.205400216448307037e+04
3.302293577981651573e+00 1.366013975738226873e+04
3.352788990825687598e+00 1.545092996136307920e+04
3.403284403669724512e+00 1.744433252483196702e+04
3.453779816513761425e+00 1.965974586512093447e+04
3.504275229357798338e+00 2.213662610255253094e+04
3.554770642201834363e+00 2.510793704402526419e+04
3.605266055045871276e+00 2.842752696158875551e+04
3.655761467889908189e+00 3.213046719146944451e+04
3.706256880733945103e+00 3.625479820362770988e+04
3.756752293577981128e+00 4.088498392567953124e+04
3.807247706422018041e+00 4.634716097094758879e+04
3.857743119266054954e+00 5.245234227085796738e+04
3.908238532110091867e+00 5.926629048149607115e+04
3.958733944954127892e+00 6.686050572972612281e+04
4.009229357798164806e+00 7.541548152540704177e+04
4.059724770642201719e+00 8.545353906127474329e+04
4.110220183486238632e+00 9.667824140708641789e+04
4.160715596330274657e+00 1.092126527760204190e+05
4.211211009174311570e+00 1.231908600387779443e+05
4.261706422018348484e+00 1.389552083029877685e+05
4.312201834862385397e+00 1.572456269047925307e+05
4.362697247706421422e+00 1.776875929901894706e+05
4.413192660550458335e+00 2.005048138337470300e+05
4.463688073394495248e+00 2.259412743909497513e+05
4.514183486238532161e+00 2.547677599765800405e+05
4.564678899082568186e+00 2.883413397506737965e+05
4.615174311926605100e+00 3.258951398153261398e+05
4.665669724770642013e+00 3.678495731719458709e+05
4.716165137614678926e+00 4.146641475041051744e+05
4.766660550458714951e+00 4.676097585972071392e+05
4.817155963302751864e+00 5.284026435733450344e+05
4.867651376146788778e+00 5.963385256297381129e+05
4.918146788990825691e+00 6.721692610643772641e+05
4.968642201834861716e+00 7.567168399028033018e+05
5.019137614678898629e+00 8.544546065956912935e+05
5.069633027522935542e+00 9.702543458474881481e+05
5.120128440366972455e+00 1.100360861685398268e+06
5.170623853211009369e+00 1.246373904384442838e+06
5.221119266055045394e+00 1.410053723114183871e+06
5.271614678899082307e+00 1.593335361537061865e+06
5.322110091743119220e+00 1.798344069000854855e+06
5.372605504587155245e+00 2.027411902320205467e+06
5.423100917431192158e+00 2.283095597388906870e+06
5.473596330275229072e+00 2.568195794306933880e+06
5.524091743119265985e+00 2.900997829450440127e+06
5.574587155963302898e+00 3.292134235389586538e+06
5.625082568807338923e+00 3.731748250287822448e+06
5.675577981651375836e+00 4.225330315512778237e+06
5.726073394495412749e+00 4.778935142052819021e+06
5.776568807339448774e+00 5.399233895533207804e+06
5.827064220183485688e+00 6.093570680232023820e+06
5.877559633027522601e+00 6.870023633603209630e+06
5.928055045871559514e+00 7.737470962353570387e+06
5.978550458715596427e+00 8.705662271694894880e+06
6.029045871559632452e+00 9.835491930137487128e+06
6.079541284403669366e+00 1.114249671409477666e+07
6.130036697247706279e+00 1.261016409092098102e+07
6.180532110091742304e+00 1.425667042279220372e+07
6.231027522935779217e+00 1.610207351938865148e+07
6.281522935779816130e+00 1.816848958950786665e+07
6.332018348623853043e+00 2.048028518932602555e+07
6.382513761467889957e+00 2.306428530111754313e+07
6.433009174311925982e+00 2.594999875176875666e+07
6.483504587155962895e+00 2.916986226030507311e+07
6.533999999999999808e+00 3.298016573868373409e+07
