EN         DATA       DATA-ERR                                    13569014    9
MEV        B          B                                           13569014   10
   5.292530   4.196820 0.1410E-01                                 13569014   11
   5.345720   4.184580 0.1397E-01                                 13569014   12
   5.399450   4.187160 0.1384E-01                                 13569014   13
   5.453710   4.180310 0.1360E-01                                 13569014   14
   5.508520   4.174170 0.1345E-01                                 13569014   15
   5.563890   4.198450 0.1350E-01                                 13569014   16
   5.619800   4.184250 0.1349E-01                                 13569014   17
   5.676280   4.179330 0.1331E-01                                 13569014   18
   5.733330   4.190150 0.1308E-01                                 13569014   19
   5.790950   4.151860 0.1288E-01                                 13569014   20
   5.849150   4.150360 0.1275E-01                                 13569014   21
   5.907940   4.178470 0.1292E-01                                 13569014   22
   5.967320   4.171640 0.1270E-01                                 13569014   23
   6.027290   4.198310 0.1269E-01                                 13569014   24
   6.087870   4.191720 0.1266E-01                                 13569014   25
   6.149050   4.162460 0.1254E-01                                 13569014   26
   6.210850   4.165840 0.1251E-01                                 13569014   27
   6.273270   4.166290 0.1258E-01                                 13569014   28
   6.336320   4.189370 0.1248E-01                                 13569014   29
   6.400000   4.190600 0.1245E-01                                 13569014   30
   6.464320   4.179690 0.1220E-01                                 13569014   31
   6.529290   4.175330 0.1224E-01                                 13569014   32
   6.594910   4.187560 0.1218E-01                                 13569014   33
   6.661190   4.206580 0.1219E-01                                 13569014   34
   6.728140   4.198580 0.1212E-01                                 13569014   35
   6.795760   4.211880 0.1220E-01                                 13569014   36
   6.864060   4.203790 0.1210E-01                                 13569014   37
   6.933040   4.202500 0.1205E-01                                 13569014   38
   7.002720   4.251850 0.1215E-01                                 13569014   39
   7.073100   4.241040 0.1221E-01                                 13569014   40
   7.144190   4.260460 0.1233E-01                                 13569014   41
   7.215990   4.234890 0.1255E-01                                 13569014   42
   7.288510   4.267090 0.1269E-01                                 13569014   43
   7.361760   4.253200 0.1286E-01                                 13569014   44
   7.435750   4.291350 0.1303E-01                                 13569014   45
   7.510480   4.268980 0.1286E-01                                 13569014   46
   7.585960   4.312760 0.1283E-01                                 13569014   47
   7.662200   4.315940 0.1288E-01                                 13569014   48
   7.739210   4.314800 0.1311E-01                                 13569014   49
   7.816990   4.328000 0.1330E-01                                 13569014   50
   7.895550   4.345900 0.1338E-01                                 13569014   51
   7.974900   4.333740 0.1314E-01                                 13569014   52
   8.055050   4.353320 0.1307E-01                                 13569014   53
   8.136010   4.370150 0.1318E-01                                 13569014   54
   8.217780   4.391610 0.1319E-01                                 13569014   55
   8.300370   4.402790 0.1316E-01                                 13569014   56
   8.383790   4.411510 0.1317E-01                                 13569014   57
   8.468050   4.428470 0.1321E-01                                 13569014   58
   8.553160   4.439050 0.1326E-01                                 13569014   59
   8.639120   4.422190 0.1334E-01                                 13569014   60
   8.725940   4.469690 0.1354E-01                                 13569014   61
   8.813640   4.457410 0.1355E-01                                 13569014   62
   8.902220   4.477890 0.1359E-01                                 13569014   63
   8.991690   4.522130 0.1376E-01                                 13569014   64
   9.082060   4.490620 0.1385E-01                                 13569014   65
   9.173330   4.524250 0.1397E-01                                 13569014   66
   9.265530   4.531610 0.1405E-01                                 13569014   67
   9.358650   4.560380 0.1417E-01                                 13569014   68
   9.452710   4.531500 0.1419E-01                                 13569014   69
   9.547710   4.552970 0.1427E-01                                 13569014   70
   9.643660   4.569950 0.1440E-01                                 13569014   71
   9.740590   4.556300 0.1448E-01                                 13569014   72
   9.838480   4.585970 0.1462E-01                                 13569014   73
   9.937360   4.585590 0.1467E-01                                 13569014   74
   10.03720   4.594090 0.1483E-01                                 13569014   75
   10.13810   4.630860 0.1502E-01                                 13569014   76
   10.24000   4.651270 0.1512E-01                                 13569014   77
   10.34290   4.627200 0.1518E-01                                 13569014   78
   10.44690   4.656900 0.1524E-01                                 13569014   79
   10.55190   4.631250 0.1530E-01                                 13569014   80
   10.65790   4.625380 0.1539E-01                                 13569014   81
   10.76500   4.631310 0.1555E-01                                 13569014   82
   10.87320   4.662910 0.1572E-01                                 13569014   83
   10.98250   4.676580 0.1586E-01                                 13569014   84
   11.09290   4.701020 0.1602E-01                                 13569014   85
   11.20440   4.692840 0.1614E-01                                 13569014   86
   11.31700   4.666740 0.1615E-01                                 13569014   87
   11.43070   4.663950 0.1623E-01                                 13569014   88
   11.54560   4.709420 0.1649E-01                                 13569014   89
   11.66160   4.662360 0.1651E-01                                 13569014   90
   11.77880   4.667290 0.1661E-01                                 13569014   91
   11.89720   4.684640 0.1676E-01                                 13569014   92
   12.01680   4.709480 0.1698E-01                                 13569014   93
   12.13750   4.690870 0.1703E-01                                 13569014   94
   12.25950   4.711300 0.1712E-01                                 13569014   95
   12.38270   4.671920 0.1710E-01                                 13569014   96
   12.50720   4.723170 0.1736E-01                                 13569014   97
   12.63290   4.676730 0.1732E-01                                 13569014   98
   12.75990   4.657910 0.1743E-01                                 13569014   99
   12.88810   4.649670 0.1761E-01                                 13569014  100
   13.01760   4.703480 0.1776E-01                                 13569014  101
   13.14840   4.667120 0.1777E-01                                 13569014  102
   13.28060   4.644600 0.1787E-01                                 13569014  103
   13.41410   4.675650 0.1803E-01                                 13569014  104
   13.54890   4.676660 0.1815E-01                                 13569014  105
   13.68510   4.645600 0.1817E-01                                 13569014  106
   13.82260   4.627680 0.1822E-01                                 13569014  107
   13.96150   4.628930 0.1831E-01                                 13569014  108
   14.10180   4.664410 0.1851E-01                                 13569014  109
   14.24360   4.621500 0.1856E-01                                 13569014  110
   14.38670   4.602400 0.1862E-01                                 13569014  111
   14.53130   4.609540 0.1883E-01                                 13569014  112
   14.67730   4.613570 0.1891E-01                                 13569014  113
   14.82490   4.603220 0.1900E-01                                 13569014  114
   14.97380   4.570390 0.1906E-01                                 13569014  115
   15.12430   4.528170 0.1905E-01                                 13569014  116
   15.27630   4.501290 0.1904E-01                                 13569014  117
   15.42990   4.536730 0.1923E-01                                 13569014  118
   15.58490   4.520500 0.1931E-01                                 13569014  119
   15.74160   4.515520 0.1940E-01                                 13569014  120
   15.89980   4.470840 0.1947E-01                                 13569014  121
   16.05960   4.484900 0.1955E-01                                 13569014  122
   16.22100   4.465660 0.1958E-01                                 13569014  123
   16.38400   4.438860 0.1961E-01                                 13569014  124
   16.54870   4.447850 0.1967E-01                                 13569014  125
   16.71500   4.393330 0.1962E-01                                 13569014  126
   16.88300   4.367190 0.1963E-01                                 13569014  127
   17.05270   4.392900 0.1980E-01                                 13569014  128
   17.22400   4.351620 0.1974E-01                                 13569014  129
   17.39710   4.328150 0.1976E-01                                 13569014  130
   17.57200   4.296680 0.1971E-01                                 13569014  131
   17.74860   4.281820 0.1961E-01                                 13569014  132
   17.92700   4.215560 0.1958E-01                                 13569014  133
   18.10710   4.274280 0.1973E-01                                 13569014  134
   18.28910   4.228200 0.1965E-01                                 13569014  135
   18.47290   4.203660 0.1962E-01                                 13569014  136
   18.65860   4.153680 0.1946E-01                                 13569014  137
   18.84610   4.183080 0.1957E-01                                 13569014  138
   19.03550   4.146650 0.1947E-01                                 13569014  139
   19.22680   4.111240 0.1930E-01                                 13569014  140
   19.42010   4.086170 0.1923E-01                                 13569014  141
   19.61520   4.084880 0.1912E-01                                 13569014  142
   19.81240   4.084700 0.1897E-01                                 13569014  143
   20.01150   4.020300 0.1883E-01                                 13569014  144
   20.21260   3.998100 0.1882E-01                                 13569014  145
   20.41580   3.978850 0.1881E-01                                 13569014  146
   20.62100   3.953220 0.1877E-01                                 13569014  147
   20.82820   3.943420 0.1873E-01                                 13569014  148
   21.03750   3.925610 0.1867E-01                                 13569014  149
   21.24900   3.874390 0.1849E-01                                 13569014  150
   21.46250   3.889010 0.1847E-01                                 13569014  151
   21.67820   3.860250 0.1835E-01                                 13569014  152
   21.89610   3.824510 0.1820E-01                                 13569014  153
   22.11620   3.773240 0.1806E-01                                 13569014  154
   22.33840   3.789020 0.1793E-01                                 13569014  155
   22.56290   3.772390 0.1777E-01                                 13569014  156
   22.78970   3.746930 0.1762E-01                                 13569014  157
   23.01870   3.717850 0.1748E-01                                 13569014  158
   23.25010   3.704400 0.1744E-01                                 13569014  159
   23.48380   3.646630 0.1722E-01                                 13569014  160
   23.71980   3.662700 0.1714E-01                                 13569014  161
   23.95820   3.632570 0.1700E-01                                 13569014  162
   24.19890   3.647440 0.1697E-01                                 13569014  163
   24.44220   3.586690 0.1677E-01                                 13569014  164
   24.68780   3.591820 0.1675E-01                                 13569014  165
   24.93590   3.562390 0.1664E-01                                 13569014  166
   25.18650   3.523630 0.1654E-01                                 13569014  167
   25.43970   3.540410 0.1648E-01                                 13569014  168
   25.69530   3.525200 0.1641E-01                                 13569014  169
   25.95360   3.497830 0.1628E-01                                 13569014  170
   26.21440   3.454630 0.1618E-01                                 13569014  171
   26.47790   3.448140 0.1610E-01                                 13569014  172
   26.74400   3.426240 0.1600E-01                                 13569014  173
   27.01280   3.421300 0.1601E-01                                 13569014  174
   27.28430   3.400620 0.1590E-01                                 13569014  175
   27.55850   3.360600 0.1587E-01                                 13569014  176
   27.83540   3.384850 0.1585E-01                                 13569014  177
   28.11520   3.331110 0.1577E-01                                 13569014  178
   28.39780   3.327050 0.1574E-01                                 13569014  179
   28.68320   3.316870 0.1571E-01                                 13569014  180
   28.97140   3.349210 0.1572E-01                                 13569014  181
   29.26260   3.299890 0.1566E-01                                 13569014  182
   29.55670   3.310630 0.1562E-01                                 13569014  183
   29.85380   3.304740 0.1567E-01                                 13569014  184
   30.15380   3.270090 0.1556E-01                                 13569014  185
   30.45690   3.276190 0.1565E-01                                 13569014  186
   30.76290   3.259830 0.1556E-01                                 13569014  187
   31.07210   3.249000 0.1561E-01                                 13569014  188
   31.38440   3.227890 0.1553E-01                                 13569014  189
   31.69980   3.236580 0.1556E-01                                 13569014  190
   32.01840   3.224310 0.1553E-01                                 13569014  191
   32.34020   3.195000 0.1549E-01                                 13569014  192
   32.66520   3.206710 0.1547E-01                                 13569014  193
   32.99350   3.199930 0.1542E-01                                 13569014  194
   33.32510   3.183520 0.1536E-01                                 13569014  195
   33.66000   3.190170 0.1538E-01                                 13569014  196
   33.99830   3.190040 0.1535E-01                                 13569014  197
   34.34000   3.199920 0.1534E-01                                 13569014  198
   34.68520   3.181420 0.1534E-01                                 13569014  199
   35.03370   3.174730 0.1524E-01                                 13569014  200
   35.38580   3.200910 0.1532E-01                                 13569014  201
   35.74150   3.162660 0.1520E-01                                 13569014  202
   36.10070   3.191160 0.1523E-01                                 13569014  203
   36.46350   3.191150 0.1522E-01                                 13569014  204
   36.83000   3.183760 0.1521E-01                                 13569014  205
   37.20010   3.223880 0.1527E-01                                 13569014  206
   37.57400   3.195480 0.1516E-01                                 13569014  207
   37.95160   3.227460 0.1524E-01                                 13569014  208
   38.33310   3.207960 0.1513E-01                                 13569014  209
   38.71830   3.200980 0.1518E-01                                 13569014  210
   39.10740   3.223730 0.1520E-01                                 13569014  211
   39.50050   3.242880 0.1520E-01                                 13569014  212
   39.89750   3.225940 0.1516E-01                                 13569014  213
   40.29840   3.228960 0.1517E-01                                 13569014  214
   40.70350   3.247660 0.1520E-01                                 13569014  215
   41.11250   3.233120 0.1515E-01                                 13569014  216
   41.52570   3.262010 0.1522E-01                                 13569014  217
   41.94310   3.268230 0.1521E-01                                 13569014  218
   42.36460   3.262690 0.1519E-01                                 13569014  219
   42.79040   3.288560 0.1529E-01                                 13569014  220
   43.22040   3.290780 0.1522E-01                                 13569014  221
   43.65480   3.298350 0.1523E-01                                 13569014  222
   44.09360   3.328940 0.1528E-01                                 13569014  223
   44.53670   3.327170 0.1532E-01                                 13569014  224
   44.98430   3.337310 0.1529E-01                                 13569014  225
   45.43640   3.368540 0.1536E-01                                 13569014  226
   45.89310   3.343090 0.1535E-01                                 13569014  227
   46.35430   3.363560 0.1537E-01                                 13569014  228
   46.82020   3.380130 0.1538E-01                                 13569014  229
   47.29070   3.380180 0.1539E-01                                 13569014  230
   47.76600   3.405560 0.1540E-01                                 13569014  231
   48.24610   3.411830 0.1547E-01                                 13569014  232
   48.73100   3.437570 0.1549E-01                                 13569014  233
   49.22070   3.428590 0.1547E-01                                 13569014  234
   49.71540   3.429800 0.1553E-01                                 13569014  235
   50.21510   3.471940 0.1557E-01                                 13569014  236
   50.71970   3.476410 0.1557E-01                                 13569014  237
   51.22950   3.469340 0.1562E-01                                 13569014  238
   51.74430   3.483810 0.1560E-01                                 13569014  239
   52.26440   3.502720 0.1569E-01                                 13569014  240
   52.78960   3.527450 0.1573E-01                                 13569014  241
   53.32020   3.528590 0.1576E-01                                 13569014  242
   53.85610   3.503430 0.1572E-01                                 13569014  243
   54.39730   3.537950 0.1580E-01                                 13569014  244
   54.94400   3.511770 0.1576E-01                                 13569014  245
   55.49630   3.571460 0.1587E-01                                 13569014  246
   56.05400   3.564060 0.1582E-01                                 13569014  247
   56.61740   3.574080 0.1589E-01                                 13569014  248
   57.18640   3.615640 0.1597E-01                                 13569014  249
   57.76110   3.586040 0.1593E-01                                 13569014  250
   58.34160   3.621930 0.1603E-01                                 13569014  251
   58.92800   3.611910 0.1600E-01                                 13569014  252
   59.52020   3.609910 0.1604E-01                                 13569014  253
   60.11840   3.600950 0.1605E-01                                 13569014  254
   60.72260   3.602580 0.1608E-01                                 13569014  255
   61.33290   3.647730 0.1614E-01                                 13569014  256
   61.94930   3.616560 0.1609E-01                                 13569014  257
   62.57190   3.641090 0.1616E-01                                 13569014  258
   63.20080   3.647520 0.1617E-01                                 13569014  259
   63.83590   3.627180 0.1618E-01                                 13569014  260
   64.47750   3.618410 0.1620E-01                                 13569014  261
   65.12550   3.670510 0.1630E-01                                 13569014  262
   65.78010   3.681440 0.1631E-01                                 13569014  263
   66.44120   3.658770 0.1633E-01                                 13569014  264
   67.10890   3.649820 0.1631E-01                                 13569014  265
   67.78340   3.652010 0.1634E-01                                 13569014  266
   68.46460   3.652600 0.1635E-01                                 13569014  267
   69.15270   3.636630 0.1630E-01                                 13569014  268
   69.84770   3.651150 0.1639E-01                                 13569014  269
   70.54970   3.650770 0.1643E-01                                 13569014  270
   71.25870   3.652450 0.1640E-01                                 13569014  271
   71.97490   3.652310 0.1643E-01                                 13569014  272
   72.69820   3.645830 0.1647E-01                                 13569014  273
   73.42890   3.649840 0.1646E-01                                 13569014  274
   74.16690   3.608810 0.1641E-01                                 13569014  275
   74.91230   3.632250 0.1645E-01                                 13569014  276
   75.66510   3.640830 0.1653E-01                                 13569014  277
   76.42560   3.612480 0.1650E-01                                 13569014  278
   77.19370   3.573310 0.1643E-01                                 13569014  279
   77.96950   3.599920 0.1651E-01                                 13569014  280
   78.75310   3.567260 0.1644E-01                                 13569014  281
   79.54460   3.561210 0.1645E-01                                 13569014  282
   80.34400   3.537590 0.1645E-01                                 13569014  283
   81.15150   3.540250 0.1648E-01                                 13569014  284
   81.96710   3.551320 0.1645E-01                                 13569014  285
   82.79090   3.546030 0.1650E-01                                 13569014  286
   83.62300   3.505070 0.1647E-01                                 13569014  287
   84.46340   3.489650 0.1640E-01                                 13569014  288
   85.31230   3.493720 0.1645E-01                                 13569014  289
   86.16970   3.457290 0.1642E-01                                 13569014  290
   87.03570   3.462730 0.1643E-01                                 13569014  291
   87.91040   3.442080 0.1642E-01                                 13569014  292
   88.79400   3.380910 0.1636E-01                                 13569014  293
   89.68640   3.373730 0.1637E-01                                 13569014  294
   90.58770   3.383420 0.1638E-01                                 13569014  295
   91.49820   3.359790 0.1632E-01                                 13569014  296
   92.41780   3.341680 0.1633E-01                                 13569014  297
   93.34660   3.342510 0.1636E-01                                 13569014  298
   94.28470   3.317400 0.1630E-01                                 13569014  299
   95.23230   3.319360 0.1630E-01                                 13569014  300
   96.18940   3.277940 0.1628E-01                                 13569014  301
   97.15620   3.271070 0.1630E-01                                 13569014  302
   98.13260   3.243910 0.1624E-01                                 13569014  303
   99.11880   3.204780 0.1617E-01                                 13569014  304
   100.1150   3.207830 0.1623E-01                                 13569014  305
   101.1210   3.192510 0.1619E-01                                 13569014  306
   102.1370   3.189490 0.1619E-01                                 13569014  307
   103.1640   3.112950 0.1608E-01                                 13569014  308
   104.2010   3.125570 0.1614E-01                                 13569014  309
   105.2480   3.079660 0.1608E-01                                 13569014  310
   106.3060   3.075130 0.1605E-01                                 13569014  311
   107.3740   3.046890 0.1601E-01                                 13569014  312
   108.4530   3.039080 0.1603E-01                                 13569014  313
   109.5430   3.013740 0.1602E-01                                 13569014  314
   110.6440   2.998660 0.1600E-01                                 13569014  315
   111.7560   2.964420 0.1599E-01                                 13569014  316
   112.8790   2.937540 0.1595E-01                                 13569014  317
   114.0140   2.927720 0.1598E-01                                 13569014  318
   115.1600   2.908330 0.1589E-01                                 13569014  319
   116.3170   2.886040 0.1591E-01                                 13569014  320
   117.4860   2.840440 0.1583E-01                                 13569014  321
   118.6670   2.831200 0.1588E-01                                 13569014  322
   119.8600   2.787350 0.1580E-01                                 13569014  323
   121.0640   2.795530 0.1584E-01                                 13569014  324
   122.2810   2.779280 0.1580E-01                                 13569014  325
   123.5100   2.750160 0.1581E-01                                 13569014  326
   124.7510   2.721470 0.1575E-01                                 13569014  327
   126.0050   2.709270 0.1575E-01                                 13569014  328
   127.2710   2.676090 0.1573E-01                                 13569014  329
   128.5510   2.663840 0.1570E-01                                 13569014  330
   129.8420   2.631120 0.1567E-01                                 13569014  331
   131.1470   2.604740 0.1561E-01                                 13569014  332
   132.4650   2.555280 0.1554E-01                                 13569014  333
   133.7970   2.583760 0.1563E-01                                 13569014  334
   135.1410   2.528780 0.1562E-01                                 13569014  335
   136.5000   2.509860 0.1562E-01                                 13569014  336
   137.8720   2.484510 0.1554E-01                                 13569014  337
   139.2570   2.509110 0.1558E-01                                 13569014  338
   140.6570   2.464140 0.1555E-01                                 13569014  339
   142.0700   2.463150 0.1558E-01                                 13569014  340
   143.4980   2.403430 0.1554E-01                                 13569014  341
   144.9400   2.435460 0.1552E-01                                 13569014  342
   146.3970   2.386500 0.1548E-01                                 13569014  343
   147.8680   2.384370 0.1554E-01                                 13569014  344
   149.3550   2.361260 0.1553E-01                                 13569014  345
   150.8560   2.306160 0.1544E-01                                 13569014  346
   152.3720   2.316790 0.1546E-01                                 13569014  347
   153.9030   2.292230 0.1547E-01                                 13569014  348
   155.4500   2.300300 0.1552E-01                                 13569014  349
   157.0120   2.291530 0.1550E-01                                 13569014  350
   158.5900   2.265030 0.1549E-01                                 13569014  351
   160.1840   2.245360 0.1548E-01                                 13569014  352
   161.7940   2.184160 0.1537E-01                                 13569014  353
   163.4200   2.162890 0.1543E-01                                 13569014  354
   165.0620   2.171940 0.1547E-01                                 13569014  355
   166.7210   2.166540 0.1550E-01                                 13569014  356
   168.3970   2.164480 0.1546E-01                                 13569014  357
   170.0890   2.158820 0.1546E-01                                 13569014  358
   171.7990   2.126730 0.1548E-01                                 13569014  359
   173.5250   2.104810 0.1548E-01                                 13569014  360
   175.2690   2.083450 0.1549E-01                                 13569014  361
   177.0310   2.089850 0.1552E-01                                 13569014  362
   178.8100   2.078280 0.1550E-01                                 13569014  363
   180.6070   2.059220 0.1549E-01                                 13569014  364
   182.4220   2.027370 0.1549E-01                                 13569014  365
   184.2560   2.049160 0.1555E-01                                 13569014  366
   186.1070   2.028320 0.1555E-01                                 13569014  367
   187.9780   2.013550 0.1557E-01                                 13569014  368
   189.8670   2.017380 0.1556E-01                                 13569014  369
   191.7750   2.018010 0.1561E-01                                 13569014  370
   193.7030   2.005480 0.1562E-01                                 13569014  371
   195.6500   1.954910 0.1561E-01                                 13569014  372
   197.6160   1.947670 0.1567E-01                                 13569014  373
   199.6020   1.936430 0.1564E-01                                 13569014  374
   201.6080   1.935980 0.1564E-01                                 13569014  375
   203.6340   1.927330 0.1570E-01                                 13569014  376
   205.6810   1.953440 0.1574E-01                                 13569014  377
   207.7480   1.931590 0.1578E-01                                 13569014  378
   209.8360   1.913810 0.1580E-01                                 13569014  379
   211.9450   1.911950 0.1580E-01                                 13569014  380
   214.0750   1.892550 0.1579E-01                                 13569014  381
   216.2260   1.894430 0.1581E-01                                 13569014  382
   218.3990   1.865770 0.1586E-01                                 13569014  383
   220.5940   1.894400 0.1595E-01                                 13569014  384
   222.8110   1.876030 0.1598E-01                                 13569014  385
   225.0510   1.881260 0.1598E-01                                 13569014  386
   227.3130   1.894830 0.1601E-01                                 13569014  387
   229.5970   1.880530 0.1605E-01                                 13569014  388
   231.9050   1.884740 0.1609E-01                                 13569014  389
   234.2350   1.827810 0.1609E-01                                 13569014  390
   236.5890   1.879580 0.1616E-01                                 13569014  391
   238.9670   1.860830 0.1619E-01                                 13569014  392
   241.3690   1.857580 0.1623E-01                                 13569014  393
   243.7950   1.843040 0.1628E-01                                 13569014  394
   246.2450   1.848400 0.1630E-01                                 13569014  395
   248.7200   1.838840 0.1632E-01                                 13569014  396
   251.2200   1.836870 0.1637E-01                                 13569014  397
   253.7440   1.816760 0.1644E-01                                 13569014  398
   256.2950   1.857660 0.1648E-01                                 13569014  399
   258.8700   1.841270 0.1654E-01                                 13569014  400
   261.4720   1.855870 0.1659E-01                                 13569014  401
   264.1000   1.842340 0.1655E-01                                 13569014  402
   266.7540   1.827940 0.1664E-01                                 13569014  403
   269.4350   1.811570 0.1668E-01                                 13569014  404
   272.1430   1.835990 0.1676E-01                                 13569014  405
   274.8780   1.815580 0.1678E-01                                 13569014  406
   277.6410   1.827400 0.1681E-01                                 13569014  407
   280.4310   1.841500 0.1683E-01                                 13569014  408
   283.2500   1.825470 0.1688E-01                                 13569014  409
   286.0960   1.855420 0.1700E-01                                 13569014  410
   288.9720   1.814280 0.1700E-01                                 13569014  411
   291.8760   1.812680 0.1707E-01                                 13569014  412
   294.8090   1.834310 0.1713E-01                                 13569014  413
   297.7720   1.820760 0.1715E-01                                 13569014  414
   300.7650   1.831890 0.1720E-01                                 13569014  415
   303.7880   1.842280 0.1727E-01                                 13569014  416
   306.8410   1.832410 0.1728E-01                                 13569014  417
   309.9250   1.820000 0.1736E-01                                 13569014  418
   313.0390   1.834680 0.1742E-01                                 13569014  419
   316.1860   1.838610 0.1751E-01                                 13569014  420
   319.3630   1.845030 0.1754E-01                                 13569014  421
   322.5730   1.810920 0.1750E-01                                 13569014  422
   325.8150   1.831410 0.1758E-01                                 13569014  423
   329.0890   1.832830 0.1764E-01                                 13569014  424
   332.3970   1.867490 0.1771E-01                                 13569014  425
   335.7380   1.825090 0.1768E-01                                 13569014  426
   339.1120   1.865980 0.1783E-01                                 13569014  427
   342.5200   1.882300 0.1786E-01                                 13569014  428
   345.9620   1.858080 0.1790E-01                                 13569014  429
   349.4390   1.860650 0.1794E-01                                 13569014  430
   352.9510   1.862990 0.1793E-01                                 13569014  431
   356.4980   1.830170 0.1794E-01                                 13569014  432
   360.0810   1.860550 0.1802E-01                                 13569014  433
   363.7000   1.880650 0.1801E-01                                 13569014  434
   367.3560   1.856620 0.1806E-01                                 13569014  435
   371.0480   1.859640 0.1808E-01                                 13569014  436
   374.7770   1.882660 0.1818E-01                                 13569014  437
   378.5430   1.869780 0.1818E-01                                 13569014  438
   382.3480   1.847800 0.1814E-01                                 13569014  439
   386.1900   1.881400 0.1825E-01                                 13569014  440
   390.0720   1.906750 0.1822E-01                                 13569014  441
   393.9920   1.922080 0.1832E-01                                 13569014  442
   397.9520   1.877420 0.1826E-01                                 13569014  443
   401.9510   1.889850 0.1823E-01                                 13569014  444
   405.9910   1.888410 0.1830E-01                                 13569014  445
   410.0710   1.911320 0.1833E-01                                 13569014  446
   414.1930   1.887450 0.1831E-01                                 13569014  447
   418.3550   1.923330 0.1836E-01                                 13569014  448
   422.5600   1.910310 0.1838E-01                                 13569014  449
   426.8070   1.934330 0.1837E-01                                 13569014  450
   431.0960   1.926050 0.1836E-01                                 13569014  451
   435.4290   1.922950 0.1836E-01                                 13569014  452
   439.8050   1.932940 0.1840E-01                                 13569014  453
   444.2250   1.941870 0.1842E-01                                 13569014  454
   448.6900   1.927790 0.1844E-01                                 13569014  455
   453.1990   1.936520 0.1840E-01                                 13569014  456
   457.7540   1.947980 0.1849E-01                                 13569014  457
   462.3540   1.936210 0.1852E-01                                 13569014  458
   467.0010   1.941760 0.1862E-01                                 13569014  459
   471.6950   1.967750 0.1874E-01                                 13569014  460
   476.4350   1.928380 0.1874E-01                                 13569014  461
   481.2240   1.962660 0.1880E-01                                 13569014  462
   486.0600   1.970200 0.1898E-01                                 13569014  463
   490.9450   1.969680 0.1909E-01                                 13569014  464
   495.8790   1.963950 0.1920E-01                                 13569014  465
   500.8630   2.003540 0.1944E-01                                 13569014  466
   505.8970   1.964800 0.1963E-01                                 13569014  467
   510.9810   2.020050 0.1990E-01                                 13569014  468
   516.1170   1.996190 0.2017E-01                                 13569014  469
   521.3040   2.018460 0.2043E-01                                 13569014  470
   526.5430   2.007990 0.2071E-01                                 13569014  471
   531.8350   2.018780 0.2107E-01                                 13569014  472
   537.1800   2.021500 0.2154E-01                                 13569014  473
   542.5790   2.031430 0.2203E-01                                 13569014  474
   548.0320   2.014530 0.2253E-01                                 13569014  475
   553.5390   2.009210 0.2320E-01                                 13569014  476
   559.1030   2.032500 0.2382E-01                                 13569014  477
   564.7220   2.029390 0.2452E-01                                 13569014  478
   570.3970   2.026080 0.2525E-01                                 13569014  479
   576.1300   2.021920 0.2630E-01                                 13569014  480
   581.9200   2.029290 0.2740E-01                                 13569014  481
   587.7690   2.025000 0.2842E-01                                 13569014  482
   593.6760   2.053380 0.2967E-01                                 13569014  483
   599.6430   2.038390 0.3100E-01                                 13569014  484

