# U[MeV]  T[MeV]  NCUMUL   RHOOBS   RHOTOT     J=0      J=1      J=2      J=3      J=4      J=5      J=6      J=7      J=8      J=9     J=10     J=11     J=12     J=13     J=14     J=15     J=16     J=17     J=18     J=19     J=20     J=21     J=22     J=23     J=24     J=25     J=26     J=27     J=28     J=29
   0.25  0.500  4.31E+00 4.31E+00 4.31E+00  4.13E-01 1.02E+00 1.14E+00 8.80E-01 5.13E-01 2.33E-01 8.39E-02 2.42E-02 5.63E-03 1.06E-03 1.62E-04 2.00E-05 2.02E-06 1.67E-07 1.12E-08 6.14E-10 2.75E-11 1.01E-12 3.02E-14 7.39E-16 1.48E-17 2.43E-19 3.26E-21 3.59E-23 3.23E-25 2.38E-27 1.44E-29 7.11E-32 2.88E-34 9.57E-37
   0.50  0.500  9.44E+00 5.14E+00 5.14E+00  2.15E-01 5.92E-01 8.32E-01 9.04E-01 8.28E-01 6.62E-01 4.71E-01 3.00E-01 1.73E-01 9.00E-02 4.26E-02 1.84E-02 7.22E-03 2.59E-03 8.50E-04 2.55E-04 6.99E-05 1.76E-05 4.04E-06 8.50E-07 1.64E-07 2.90E-08 4.71E-09 7.00E-10 9.55E-11 1.19E-11 1.37E-12 1.44E-13 1.39E-14 1.23E-15
   0.75  0.500  1.94E+01 9.95E+00 9.95E+00  2.93E-01 8.29E-01 1.23E+00 1.44E+00 1.46E+00 1.32E+00 1.09E+00 8.31E-01 5.85E-01 3.83E-01 2.33E-01 1.33E-01 7.06E-02 3.52E-02 1.64E-02 7.19E-03 2.95E-03 1.14E-03 4.12E-04 1.40E-04 4.49E-05 1.35E-05 3.81E-06 1.01E-06 2.53E-07 5.94E-08 1.31E-08 2.73E-09 5.35E-10 9.86E-11
   1.00  0.500  3.52E+01 1.58E+01 1.58E+01  3.83E-01 1.09E+00 1.65E+00 2.00E+00 2.11E+00 2.02E+00 1.78E+00 1.46E+00 1.12E+00 8.06E-01 5.47E-01 3.50E-01 2.11E-01 1.21E-01 6.55E-02 3.37E-02 1.64E-02 7.57E-03 3.32E-03 1.38E-03 5.47E-04 2.05E-04 7.34E-05 2.49E-05 8.03E-06 2.46E-06 7.18E-07 1.99E-07 5.25E-08 1.32E-08
   1.25  0.500  5.54E+01 2.02E+01 2.02E+01  4.28E-01 1.23E+00 1.88E+00 2.32E+00 2.51E+00 2.48E+00 2.27E+00 1.95E+00 1.57E+00 1.20E+00 8.63E-01 5.92E-01 3.86E-01 2.40E-01 1.42E-01 8.01E-02 4.31E-02 2.22E-02 1.09E-02 5.11E-03 2.29E-03 9.84E-04 4.04E-04 1.58E-04 5.94E-05 2.13E-05 7.33E-06 2.41E-06 7.58E-07 2.28E-07
   1.50  0.500  9.02E+01 3.48E+01 3.48E+01  6.61E-01 1.91E+00 2.95E+00 3.68E+00 4.06E+00 4.10E+00 3.85E+00 3.40E+00 2.84E+00 2.25E+00 1.69E+00 1.22E+00 8.36E-01 5.49E-01 3.45E-01 2.08E-01 1.20E-01 6.63E-02 3.52E-02 1.79E-02 8.77E-03 4.12E-03 1.86E-03 8.04E-04 3.35E-04 1.34E-04 5.14E-05 1.90E-05 6.74E-06 2.30E-06
   1.75  0.500  1.47E+02 5.73E+01 5.73E+01  9.99E-01 2.89E+00 4.49E+00 5.66E+00 6.33E+00 6.49E+00 6.21E+00 5.61E+00 4.80E+00 3.91E+00 3.05E+00 2.27E+00 1.62E+00 1.11E+00 7.28E-01 4.60E-01 2.79E-01 1.63E-01 9.17E-02 4.96E-02 2.59E-02 1.30E-02 6.28E-03 2.93E-03 1.32E-03 5.70E-04 2.38E-04 9.57E-05 3.71E-05 1.39E-05
   2.00  0.500  2.36E+02 8.82E+01 8.82E+01  1.43E+00 4.15E+00 6.48E+00 8.23E+00 9.29E+00 9.64E+00 9.37E+00 8.61E+00 7.52E+00 6.26E+00 5.00E+00 3.83E+00 2.81E+00 1.99E+00 1.35E+00 8.87E-01 5.61E-01 3.42E-01 2.01E-01 1.14E-01 6.24E-02 3.30E-02 1.69E-02 8.33E-03 3.97E-03 1.83E-03 8.15E-04 3.51E-04 1.46E-04 5.87E-05
   2.25  0.500  3.75E+02 1.39E+02 1.39E+02  2.12E+00 6.17E+00 9.67E+00 1.24E+01 1.41E+01 1.47E+01 1.45E+01 1.35E+01 1.20E+01 1.02E+01 8.28E+00 6.48E+00 4.88E+00 3.54E+00 2.48E+00 1.67E+00 1.09E+00 6.89E-01 4.20E-01 2.48E-01 1.41E-01 7.80E-02 4.16E-02 2.15E-02 1.08E-02 5.22E-03 2.45E-03 1.11E-03 4.90E-04 2.09E-04
   2.50  0.500  5.64E+02 1.89E+02 1.89E+02  2.72E+00 7.94E+00 1.25E+01 1.60E+01 1.84E+01 1.94E+01 1.93E+01 1.82E+01 1.64E+01 1.41E+01 1.17E+01 9.30E+00 7.14E+00 5.30E+00 3.80E+00 2.63E+00 1.76E+00 1.14E+00 7.19E-01 4.38E-01 2.58E-01 1.47E-01 8.17E-02 4.39E-02 2.29E-02 1.16E-02 5.66E-03 2.69E-03 1.24E-03 5.56E-04
   2.75  0.500  9.38E+02 3.74E+02 3.74E+02  5.11E+00 1.49E+01 2.35E+01 3.03E+01 3.49E+01 3.72E+01 3.73E+01 3.55E+01 3.23E+01 2.82E+01 2.37E+01 1.92E+01 1.50E+01 1.13E+01 8.27E+00 5.85E+00 4.01E+00 2.67E+00 1.72E+00 1.07E+00 6.52E-01 3.84E-01 2.20E-01 1.22E-01 6.57E-02 3.44E-02 1.75E-02 8.64E-03 4.15E-03 1.93E-03
   3.00  0.500  1.45E+03 5.08E+02 5.08E+02  6.64E+00 1.94E+01 3.07E+01 3.97E+01 4.60E+01 4.93E+01 4.97E+01 4.78E+01 4.39E+01 3.87E+01 3.29E+01 2.70E+01 2.14E+01 1.64E+01 1.22E+01 8.81E+00 6.16E+00 4.18E+00 2.76E+00 1.76E+00 1.10E+00 6.62E-01 3.89E-01 2.22E-01 1.23E-01 6.65E-02 3.49E-02 1.78E-02 8.86E-03 4.28E-03
   3.25  0.500  2.26E+03 8.12E+02 8.12E+02  1.02E+01 2.98E+01 4.72E+01 6.13E+01 7.13E+01 7.68E+01 7.80E+01 7.55E+01 6.99E+01 6.23E+01 5.35E+01 4.44E+01 3.57E+01 2.78E+01 2.10E+01 1.54E+01 1.09E+01 7.56E+00 5.08E+00 3.32E+00 2.11E+00 1.30E+00 7.82E-01 4.58E-01 2.61E-01 1.45E-01 7.80E-02 4.10E-02 2.10E-02 1.05E-02
   3.50  0.500  3.57E+03 1.31E+03 1.31E+03  1.58E+01 4.63E+01 7.35E+01 9.56E+01 1.12E+02 1.21E+02 1.23E+02 1.20E+02 1.12E+02 1.01E+02 8.75E+01 7.34E+01 5.96E+01 4.70E+01 3.59E+01 2.67E+01 1.93E+01 1.36E+01 9.26E+00 6.16E+00 3.99E+00 2.51E+00 1.54E+00 9.23E-01 5.38E-01 3.05E-01 1.69E-01 9.11E-02 4.79E-02 2.45E-02
   3.75  0.500  5.68E+03 2.11E+03 2.11E+03  2.46E+01 7.20E+01 1.15E+02 1.50E+02 1.75E+02 1.90E+02 1.95E+02 1.91E+02 1.80E+02 1.63E+02 1.43E+02 1.21E+02 9.91E+01 7.89E+01 6.11E+01 4.60E+01 3.37E+01 2.40E+01 1.66E+01 1.12E+01 7.41E+00 4.75E+00 2.97E+00 1.81E+00 1.08E+00 6.25E-01 3.53E-01 1.95E-01 1.05E-01 5.51E-02
   4.00  0.500  9.57E+03 3.89E+03 3.89E+03  4.39E+01 1.29E+02 2.05E+02 2.68E+02 3.15E+02 3.44E+02 3.55E+02 3.49E+02 3.30E+02 3.01E+02 2.66E+02 2.27E+02 1.88E+02 1.51E+02 1.18E+02 9.00E+01 6.67E+01 4.82E+01 3.39E+01 2.32E+01 1.55E+01 1.01E+01 6.44E+00 4.00E+00 2.42E+00 1.43E+00 8.25E-01 4.65E-01 2.56E-01 1.37E-01
   4.25  0.500  1.34E+04 3.87E+03 3.87E+03  4.23E+01 1.24E+02 1.98E+02 2.59E+02 3.05E+02 3.35E+02 3.47E+02 3.43E+02 3.26E+02 2.99E+02 2.66E+02 2.28E+02 1.91E+02 1.55E+02 1.22E+02 9.41E+01 7.05E+01 5.15E+01 3.67E+01 2.55E+01 1.73E+01 1.14E+01 7.38E+00 4.65E+00 2.87E+00 1.72E+00 1.01E+00 5.81E-01 3.26E-01 1.78E-01
   4.50  0.500  2.05E+04 7.05E+03 7.05E+03  7.49E+01 2.20E+02 3.51E+02 4.61E+02 5.44E+02 5.98E+02 6.22E+02 6.18E+02 5.91E+02 5.45E+02 4.87E+02 4.22E+02 3.55E+02 2.91E+02 2.32E+02 1.80E+02 1.36E+02 1.00E+02 7.24E+01 5.09E+01 3.49E+01 2.34E+01 1.53E+01 9.81E+00 6.13E+00 3.75E+00 2.24E+00 1.31E+00 7.45E-01 4.16E-01
   4.75  0.500  3.30E+04 1.25E+04 1.25E+04  1.30E+02 3.81E+02 6.09E+02 8.01E+02 9.48E+02 1.05E+03 1.09E+03 1.09E+03 1.04E+03 9.69E+02 8.70E+02 7.59E+02 6.43E+02 5.31E+02 4.26E+02 3.34E+02 2.55E+02 1.90E+02 1.38E+02 9.84E+01 6.83E+01 4.63E+01 3.07E+01 1.99E+01 1.26E+01 7.83E+00 4.74E+00 2.81E+00 1.63E+00 9.25E-01
   5.00  0.500  5.69E+04 2.38E+04 2.38E+04  2.40E+02 7.06E+02 1.13E+03 1.49E+03 1.77E+03 1.95E+03 2.04E+03 2.05E+03 1.97E+03 1.84E+03 1.66E+03 1.46E+03 1.24E+03 1.03E+03 8.35E+02 6.59E+02 5.08E+02 3.82E+02 2.81E+02 2.02E+02 1.41E+02 9.71E+01 6.51E+01 4.27E+01 2.74E+01 1.72E+01 1.06E+01 6.37E+00 3.75E+00 2.16E+00
   5.50  0.500  1.13E+05 5.60E+04 5.60E+04  5.37E+02 1.58E+03 2.53E+03 3.35E+03 3.99E+03 4.43E+03 4.66E+03 4.70E+03 4.57E+03 4.29E+03 3.91E+03 3.47E+03 2.99E+03 2.51E+03 2.06E+03 1.65E+03 1.29E+03 9.88E+02 7.39E+02 5.40E+02 3.86E+02 2.70E+02 1.85E+02 1.24E+02 8.16E+01 5.25E+01 3.31E+01 2.04E+01 1.23E+01 7.31E+00
   6.00  0.500  3.43E+05 2.30E+05 2.30E+05  2.11E+03 6.23E+03 1.00E+04 1.33E+04 1.58E+04 1.76E+04 1.87E+04 1.89E+04 1.85E+04 1.75E+04 1.61E+04 1.44E+04 1.26E+04 1.07E+04 8.86E+03 7.18E+03 5.69E+03 4.41E+03 3.35E+03 2.49E+03 1.81E+03 1.29E+03 8.99E+02 6.15E+02 4.12E+02 2.70E+02 1.74E+02 1.10E+02 6.79E+01 4.12E+01
   6.50  0.500  8.18E+05 4.75E+05 4.75E+05  4.19E+03 1.24E+04 1.99E+04 2.64E+04 3.16E+04 3.54E+04 3.76E+04 3.83E+04 3.77E+04 3.59E+04 3.33E+04 3.00E+04 2.64E+04 2.26E+04 1.90E+04 1.55E+04 1.25E+04 9.78E+03 7.52E+03 5.66E+03 4.18E+03 3.02E+03 2.14E+03 1.49E+03 1.02E+03 6.79E+02 4.45E+02 2.87E+02 1.81E+02 1.12E+02
   7.00  0.500  2.11E+06 1.29E+06 1.29E+06  1.10E+04 3.24E+04 5.22E+04 6.94E+04 8.34E+04 9.36E+04 9.98E+04 1.02E+05 1.01E+05 9.69E+04 9.03E+04 8.20E+04 7.26E+04 6.28E+04 5.32E+04 4.40E+04 3.56E+04 2.83E+04 2.20E+04 1.68E+04 1.25E+04 9.19E+03 6.61E+03 4.66E+03 3.23E+03 2.19E+03 1.46E+03 9.58E+02 6.16E+02 3.89E+02
   7.50  0.500  5.62E+06 3.51E+06 3.51E+06  2.89E+04 8.51E+04 1.37E+05 1.83E+05 2.20E+05 2.48E+05 2.65E+05 2.73E+05 2.71E+05 2.61E+05 2.45E+05 2.24E+05 2.00E+05 1.74E+05 1.48E+05 1.24E+05 1.01E+05 8.12E+04 6.38E+04 4.92E+04 3.72E+04 2.76E+04 2.01E+04 1.44E+04 1.01E+04 6.96E+03 4.71E+03 3.13E+03 2.05E+03 1.31E+03
   8.00  0.500  1.52E+07 9.54E+06 9.54E+06  7.60E+04 2.24E+05 3.62E+05 4.83E+05 5.83E+05 6.58E+05 7.06E+05 7.29E+05 7.27E+05 7.04E+05 6.63E+05 6.10E+05 5.47E+05 4.80E+05 4.13E+05 3.47E+05 2.86E+05 2.32E+05 1.84E+05 1.43E+05 1.09E+05 8.20E+04 6.04E+04 4.37E+04 3.11E+04 2.17E+04 1.49E+04 1.01E+04 6.67E+03 4.34E+03
   8.50  0.500  4.11E+07 2.59E+07 2.59E+07  2.00E+05 5.92E+05 9.56E+05 1.28E+06 1.54E+06 1.75E+06 1.88E+06 1.95E+06 1.95E+06 1.90E+06 1.80E+06 1.66E+06 1.50E+06 1.32E+06 1.14E+06 9.70E+05 8.06E+05 6.57E+05 5.26E+05 4.13E+05 3.19E+05 2.41E+05 1.80E+05 1.32E+05 9.46E+04 6.68E+04 4.65E+04 3.17E+04 2.13E+04 1.41E+04
   9.00  0.500  1.12E+08 7.05E+07 7.05E+07  5.29E+05 1.56E+06 2.53E+06 3.39E+06 4.10E+06 4.65E+06 5.02E+06 5.21E+06 5.24E+06 5.11E+06 4.86E+06 4.51E+06 4.10E+06 3.64E+06 3.17E+06 2.70E+06 2.26E+06 1.86E+06 1.50E+06 1.19E+06 9.22E+05 7.05E+05 5.30E+05 3.92E+05 2.85E+05 2.03E+05 1.43E+05 9.89E+04 6.73E+04 4.50E+04
   9.50  0.500  3.03E+08 1.92E+08 1.92E+08  1.40E+06 4.14E+06 6.71E+06 8.98E+06 1.09E+07 1.24E+07 1.34E+07 1.40E+07 1.41E+07 1.38E+07 1.32E+07 1.23E+07 1.12E+07 9.98E+06 8.74E+06 7.50E+06 6.31E+06 5.22E+06 4.24E+06 3.38E+06 2.66E+06 2.05E+06 1.55E+06 1.16E+06 8.50E+05 6.13E+05 4.36E+05 3.04E+05 2.09E+05 1.42E+05
  10.00  0.500  8.24E+08 5.21E+08 5.21E+08  3.71E+06 1.10E+07 1.78E+07 2.39E+07 2.90E+07 3.30E+07 3.58E+07 3.74E+07 3.78E+07 3.71E+07 3.56E+07 3.33E+07 3.05E+07 2.74E+07 2.41E+07 2.08E+07 1.76E+07 1.46E+07 1.20E+07 9.62E+06 7.60E+06 5.91E+06 4.52E+06 3.40E+06 2.52E+06 1.83E+06 1.31E+06 9.28E+05 6.45E+05 4.41E+05
  11.00  0.500  4.67E+09 3.85E+09 3.85E+09  2.62E+07 7.75E+07 1.26E+08 1.69E+08 2.06E+08 2.35E+08 2.56E+08 2.68E+08 2.73E+08 2.70E+08 2.60E+08 2.45E+08 2.26E+08 2.05E+08 1.82E+08 1.59E+08 1.36E+08 1.14E+08 9.45E+07 7.69E+07 6.16E+07 4.86E+07 3.77E+07 2.88E+07 2.16E+07 1.60E+07 1.17E+07 8.40E+06 5.95E+06 4.15E+06
