# The gamma-strength function versus gamma-ray energy.
# Eg [MeV]    gsf [MeV^-3]    +dgsf [MeV^-3]    -dgsf [MeV^-3]
1.5560e+00 5.1111e-08 1.9052e-08 1.3223e-08
1.7160e+00 4.3603e-08 1.6177e-08 1.1084e-08
1.8760e+00 4.8030e-08 1.7650e-08 1.1901e-08
2.0360e+00 4.8615e-08 1.7857e-08 1.2007e-08
2.1960e+00 5.0553e-08 1.8519e-08 1.2416e-08
2.3560e+00 5.0587e-08 1.8492e-08 1.2397e-08
2.5160e+00 5.3634e-08 1.9661e-08 1.3283e-08
2.6760e+00 5.4605e-08 2.0115e-08 1.3745e-08
2.8360e+00 5.9567e-08 2.2020e-08 1.5207e-08
2.9960e+00 5.5195e-08 2.0696e-08 1.4611e-08
3.1560e+00 6.1425e-08 2.3304e-08 1.6760e-08
3.3160e+00 5.8795e-08 2.2382e-08 1.6260e-08
3.4760e+00 5.8903e-08 2.2794e-08 1.6903e-08
3.6360e+00 6.7369e-08 2.6413e-08 1.9906e-08
3.7960e+00 7.2699e-08 2.8935e-08 2.2162e-08
3.9560e+00 8.5815e-08 3.5011e-08 2.7374e-08
4.1160e+00 8.8117e-08 3.6896e-08 2.9393e-08
4.2760e+00 1.0528e-07 4.4506e-08 3.5719e-08
4.4360e+00 9.1303e-08 4.0223e-08 3.3007e-08
4.5960e+00 9.9108e-08 4.3868e-08 3.6075e-08
4.7560e+00 9.5471e-08 4.4166e-08 3.7006e-08
4.9160e+00 6.4350e-08 3.1210e-08 2.6594e-08
5.0760e+00 7.6389e-08 3.7600e-08 3.2121e-08
5.2360e+00 1.1220e-07 5.5037e-08 4.6766e-08
5.3960e+00 9.7314e-08 4.9979e-08 4.2974e-08
5.5560e+00 1.1046e-07 5.8572e-08 5.0628e-08
5.7160e+00 1.3329e-07 7.2510e-08 6.2803e-08
5.8760e+00 1.0693e-07 6.7331e-08 6.0411e-08
6.0360e+00 1.0528e-07 6.5676e-08 5.8417e-08
