EN          DATA        ERR-S       
MEV         B           B           
5.2930e+00  7.4950e+00  2.2700e-02  
5.3460e+00  7.4890e+00  2.3490e-02  
5.3990e+00  7.4720e+00  2.4350e-02  
5.4540e+00  7.4490e+00  2.2410e-02  
5.5090e+00  7.3990e+00  2.1850e-02  
5.5640e+00  7.3840e+00  2.1720e-02  
5.6200e+00  7.3850e+00  2.1690e-02  
5.6760e+00  7.3190e+00  2.1150e-02  
5.7330e+00  7.2940e+00  2.0740e-02  
5.7910e+00  7.2780e+00  2.0500e-02  
5.8490e+00  7.2410e+00  2.0280e-02  
5.9080e+00  7.2150e+00  2.0230e-02  
5.9670e+00  7.1680e+00  2.0010e-02  
6.0270e+00  7.1240e+00  1.9710e-02  
6.0880e+00  7.0970e+00  1.9640e-02  
6.1490e+00  7.0900e+00  1.9770e-02  
6.2110e+00  7.0650e+00  2.0570e-02  
6.2730e+00  7.0470e+00  2.2590e-02  
6.3360e+00  7.0110e+00  2.2510e-02  
6.4000e+00  6.9320e+00  1.9250e-02  
6.4640e+00  6.9090e+00  1.8200e-02  
6.5290e+00  6.8860e+00  1.7630e-02  
6.5950e+00  6.8520e+00  1.6870e-02  
6.6610e+00  6.8250e+00  1.6740e-02  
6.7280e+00  6.7780e+00  1.6550e-02  
6.7960e+00  6.7630e+00  1.6430e-02  
6.8640e+00  6.7380e+00  1.6190e-02  
6.9330e+00  6.7170e+00  1.5950e-02  
7.0030e+00  6.6950e+00  1.5870e-02  
7.0730e+00  6.6590e+00  1.5820e-02  
7.1440e+00  6.6140e+00  1.5880e-02  
7.2160e+00  6.5940e+00  1.6480e-02  
7.2890e+00  6.5690e+00  1.7820e-02  
7.3620e+00  6.5560e+00  1.9730e-02  
7.4360e+00  6.5030e+00  2.0050e-02  
7.5100e+00  6.4600e+00  1.9580e-02  
7.5860e+00  6.4500e+00  1.9310e-02  
7.6620e+00  6.4420e+00  1.9870e-02  
7.7390e+00  6.4220e+00  2.1280e-02  
7.8170e+00  6.3760e+00  2.1230e-02  
7.8960e+00  6.3520e+00  2.0400e-02  
7.9750e+00  6.3320e+00  1.9770e-02  
8.0550e+00  6.3130e+00  1.9460e-02  
8.1360e+00  6.2910e+00  1.8900e-02  
8.2180e+00  6.2500e+00  1.7500e-02  
8.3000e+00  6.2190e+00  1.6540e-02  
8.3840e+00  6.2040e+00  1.6080e-02  
8.4680e+00  6.1680e+00  1.5740e-02  
8.5530e+00  6.1680e+00  1.5680e-02  
8.6390e+00  6.1320e+00  1.5550e-02  
8.7260e+00  6.1100e+00  1.5560e-02  
8.8140e+00  6.1020e+00  1.5600e-02  
8.9020e+00  6.0890e+00  1.5590e-02  
8.9920e+00  6.0520e+00  1.5690e-02  
9.0820e+00  6.0540e+00  1.6070e-02  
9.1730e+00  6.0400e+00  1.6330e-02  
9.2660e+00  5.9940e+00  1.6340e-02  
9.3590e+00  5.9930e+00  1.6320e-02  
9.4530e+00  5.9660e+00  1.6130e-02  
9.5480e+00  5.9500e+00  1.6000e-02  
9.6440e+00  5.9670e+00  1.6110e-02  
9.7410e+00  5.9420e+00  1.6090e-02  
9.8380e+00  5.9110e+00  1.6000e-02  
9.9370e+00  5.9040e+00  1.5900e-02  
1.0040e+01  5.8950e+00  1.5880e-02  
1.0140e+01  5.8670e+00  1.5810e-02  
1.0240e+01  5.8580e+00  1.5790e-02  
1.0340e+01  5.8500e+00  1.5810e-02  
1.0450e+01  5.8350e+00  1.5960e-02  
1.0550e+01  5.8320e+00  1.6200e-02  
1.0660e+01  5.8290e+00  1.6490e-02  
1.0770e+01  5.8610e+00  1.6880e-02  
1.0870e+01  5.8400e+00  1.7080e-02  
1.0980e+01  5.8130e+00  1.7180e-02  
1.1090e+01  5.7970e+00  1.7200e-02  
1.1200e+01  5.7730e+00  1.7150e-02  
1.1320e+01  5.7810e+00  1.7190e-02  
1.1430e+01  5.7800e+00  1.7200e-02  
1.1550e+01  5.7690e+00  1.7160e-02  
1.1660e+01  5.7750e+00  1.7220e-02  
1.1780e+01  5.7950e+00  1.7380e-02  
1.1900e+01  5.7970e+00  1.7650e-02  
1.2020e+01  5.8030e+00  1.8010e-02  
1.2140e+01  5.7890e+00  1.8120e-02  
1.2260e+01  5.7780e+00  1.7860e-02  
1.2380e+01  5.7700e+00  1.7680e-02  
1.2510e+01  5.7680e+00  1.7720e-02  
1.2630e+01  5.7900e+00  1.7890e-02  
1.2760e+01  5.8100e+00  1.8110e-02  
1.2890e+01  5.8300e+00  1.8430e-02  
1.3020e+01  5.7970e+00  1.8460e-02  
1.3150e+01  5.7850e+00  1.8420e-02  
1.3280e+01  5.8030e+00  1.8490e-02  
1.3410e+01  5.8100e+00  1.8590e-02  
1.3550e+01  5.8210e+00  1.8680e-02  
1.3690e+01  5.8280e+00  1.8650e-02  
1.3820e+01  5.8450e+00  1.8600e-02  
1.3960e+01  5.8430e+00  1.8530e-02  
1.4100e+01  5.8480e+00  1.8620e-02  
1.4240e+01  5.8510e+00  1.8690e-02  
1.4390e+01  5.8780e+00  1.8880e-02  
1.4530e+01  5.9160e+00  1.9150e-02  
1.4680e+01  5.9110e+00  1.9410e-02  
1.4820e+01  5.9150e+00  1.9630e-02  
1.4970e+01  5.9420e+00  1.9840e-02  
1.5120e+01  5.9560e+00  1.7570e-02  
1.5280e+01  5.9590e+00  1.2200e-02  
1.5430e+01  5.9740e+00  1.2310e-02  
1.5580e+01  5.9940e+00  1.2470e-02  
1.5740e+01  5.9910e+00  1.2580e-02  
1.5900e+01  5.9970e+00  1.2650e-02  
1.6060e+01  6.0180e+00  1.2720e-02  
1.6220e+01  6.0290e+00  1.2660e-02  
1.6380e+01  6.0350e+00  1.2610e-02  
1.6550e+01  6.0350e+00  1.2570e-02  
1.6720e+01  6.0480e+00  1.2530e-02  
1.6880e+01  6.0660e+00  1.2540e-02  
1.7050e+01  6.0800e+00  1.2590e-02  
1.7220e+01  6.0950e+00  1.2630e-02  
1.7400e+01  6.1030e+00  1.2620e-02  
1.7570e+01  6.1240e+00  1.2660e-02  
1.7750e+01  6.1280e+00  1.2680e-02  
1.7930e+01  6.1440e+00  1.2750e-02  
1.8110e+01  6.1590e+00  1.2830e-02  
1.8290e+01  6.1650e+00  1.2860e-02  
1.8470e+01  6.1490e+00  1.2820e-02  
1.8660e+01  6.1640e+00  1.2870e-02  
1.8850e+01  6.1880e+00  1.2950e-02  
1.9040e+01  6.1880e+00  1.2970e-02  
1.9230e+01  6.1890e+00  1.3000e-02  
1.9420e+01  6.1830e+00  1.3000e-02  
1.9620e+01  6.2010e+00  1.3020e-02  
1.9810e+01  6.2100e+00  1.2970e-02  
2.0010e+01  6.2060e+00  1.2870e-02  
2.0210e+01  6.2170e+00  1.2800e-02  
2.0420e+01  6.2280e+00  1.2730e-02  
2.0620e+01  6.2280e+00  1.2620e-02  
2.0830e+01  6.2210e+00  1.2560e-02  
2.1040e+01  6.1990e+00  1.2470e-02  
2.1250e+01  6.2010e+00  1.2400e-02  
2.1460e+01  6.1990e+00  1.2340e-02  
2.1680e+01  6.2040e+00  1.2290e-02  
2.1900e+01  6.2210e+00  1.2260e-02  
2.2120e+01  6.2210e+00  1.2150e-02  
2.2340e+01  6.2010e+00  1.2030e-02  
2.2560e+01  6.2090e+00  1.2000e-02  
2.2790e+01  6.2070e+00  1.1950e-02  
2.3020e+01  6.1920e+00  1.1890e-02  
2.3250e+01  6.1720e+00  1.1820e-02  
2.3480e+01  6.1520e+00  1.1740e-02  
2.3720e+01  6.1490e+00  1.1680e-02  
2.3960e+01  6.1470e+00  1.1630e-02  
2.4200e+01  6.1290e+00  1.1560e-02  
2.4440e+01  6.1220e+00  1.1510e-02  
2.4690e+01  6.1250e+00  1.1450e-02  
2.4940e+01  6.1110e+00  1.1370e-02  
2.5190e+01  6.0850e+00  1.1260e-02  
2.5440e+01  6.0630e+00  1.1150e-02  
2.5700e+01  6.0550e+00  1.1070e-02  
2.5950e+01  6.0390e+00  1.0970e-02  
2.6210e+01  6.0280e+00  1.0890e-02  
2.6480e+01  6.0120e+00  1.0790e-02  
2.6740e+01  5.9840e+00  1.0670e-02  
2.7010e+01  5.9600e+00  1.0560e-02  
2.7280e+01  5.9400e+00  1.0450e-02  
2.7560e+01  5.9170e+00  1.0360e-02  
2.7840e+01  5.8990e+00  1.0270e-02  
2.8120e+01  5.8740e+00  1.0150e-02  
2.8400e+01  5.8660e+00  1.0070e-02  
2.8680e+01  5.8420e+00  9.9610e-03  
2.8970e+01  5.8110e+00  9.8490e-03  
2.9260e+01  5.7840e+00  9.7340e-03  
2.9560e+01  5.7660e+00  9.6490e-03  
2.9850e+01  5.7360e+00  9.5540e-03  
3.0150e+01  5.7050e+00  9.4530e-03  
3.0460e+01  5.6770e+00  9.3550e-03  
3.0760e+01  5.6450e+00  9.2520e-03  
3.1070e+01  5.6220e+00  9.1740e-03  
3.1380e+01  5.5920e+00  9.0850e-03  
3.1700e+01  5.5560e+00  8.9860e-03  
3.2020e+01  5.5320e+00  8.9020e-03  
3.2340e+01  5.5010e+00  8.8070e-03  
3.2670e+01  5.4820e+00  8.7460e-03  
3.2990e+01  5.4510e+00  8.6570e-03  
3.3330e+01  5.4280e+00  8.5720e-03  
3.3660e+01  5.3950e+00  8.4800e-03  
3.4000e+01  5.3690e+00  8.4120e-03  
3.4340e+01  5.3360e+00  8.3260e-03  
3.4690e+01  5.3110e+00  8.2410e-03  
3.5030e+01  5.2930e+00  8.1720e-03  
3.5390e+01  5.2750e+00  8.1140e-03  
3.5740e+01  5.2520e+00  8.0520e-03  
3.6100e+01  5.2200e+00  7.9620e-03  
3.6460e+01  5.1880e+00  7.8880e-03  
3.6830e+01  5.1690e+00  7.8350e-03  
3.7200e+01  5.1480e+00  7.7700e-03  
3.7570e+01  5.1220e+00  7.6950e-03  
3.7950e+01  5.0940e+00  7.6290e-03  
3.8330e+01  5.0700e+00  7.5740e-03  
3.8720e+01  5.0440e+00  7.5090e-03  
3.9110e+01  5.0310e+00  7.4560e-03  
3.9500e+01  5.0150e+00  7.4040e-03  
3.9900e+01  4.9990e+00  7.3450e-03  
4.0300e+01  4.9820e+00  7.2940e-03  
4.0700e+01  4.9580e+00  7.2420e-03  
4.1110e+01  4.9380e+00  7.1820e-03  
4.1530e+01  4.9280e+00  7.1360e-03  
4.1940e+01  4.9160e+00  7.0920e-03  
4.2360e+01  4.9020e+00  7.0470e-03  
4.2790e+01  4.8860e+00  7.0000e-03  
4.3220e+01  4.8760e+00  6.9620e-03  
4.3650e+01  4.8550e+00  6.9060e-03  
4.4090e+01  4.8470e+00  6.8710e-03  
4.4540e+01  4.8450e+00  6.8530e-03  
4.4980e+01  4.8280e+00  6.8120e-03  
4.5440e+01  4.8160e+00  6.7760e-03  
4.5890e+01  4.8180e+00  6.7570e-03  
4.6350e+01  4.8220e+00  6.7390e-03  
4.6820e+01  4.8070e+00  6.7010e-03  
4.7290e+01  4.8040e+00  6.6750e-03  
4.7770e+01  4.8050e+00  6.6570e-03  
4.8250e+01  4.8070e+00  6.6370e-03  
4.8730e+01  4.7980e+00  6.6050e-03  
4.9220e+01  4.8080e+00  6.6000e-03  
4.9720e+01  4.8070e+00  6.5790e-03  
5.0220e+01  4.8110e+00  6.5630e-03  
5.0720e+01  4.8130e+00  6.5480e-03  
5.1230e+01  4.8110e+00  6.5320e-03  
5.1740e+01  4.8100e+00  6.5180e-03  
5.2260e+01  4.8240e+00  6.5190e-03  
5.2790e+01  4.8380e+00  6.5170e-03  
5.3320e+01  4.8430e+00  6.5060e-03  
5.3860e+01  4.8420e+00  6.4960e-03  
5.4400e+01  4.8460e+00  6.4870e-03  
5.4940e+01  4.8590e+00  6.4910e-03  
5.5500e+01  4.8770e+00  6.4930e-03  
5.6050e+01  4.8860e+00  6.4950e-03  
5.6620e+01  4.9000e+00  6.4940e-03  
5.7190e+01  4.8970e+00  6.4750e-03  
5.7760e+01  4.9080e+00  6.4840e-03  
5.8340e+01  4.9190e+00  6.4840e-03  
5.8930e+01  4.9370e+00  6.4920e-03  
5.9520e+01  4.9550e+00  6.5010e-03  
6.0120e+01  4.9620e+00  6.4960e-03  
6.0720e+01  4.9730e+00  6.4980e-03  
6.1330e+01  4.9860e+00  6.5100e-03  
6.1950e+01  5.0080e+00  6.5240e-03  
6.2570e+01  5.0230e+00  6.5300e-03  
6.3200e+01  5.0390e+00  6.5360e-03  
6.3840e+01  5.0510e+00  6.5400e-03  
6.4480e+01  5.0660e+00  6.5530e-03  
6.5130e+01  5.0800e+00  6.5670e-03  
6.5780e+01  5.0910e+00  6.5660e-03  
6.6440e+01  5.0950e+00  6.5680e-03  
6.7110e+01  5.1090e+00  6.5730e-03  
6.7780e+01  5.1340e+00  6.5920e-03  
6.8460e+01  5.1470e+00  6.5980e-03  
6.9150e+01  5.1620e+00  6.6130e-03  
6.9850e+01  5.1750e+00  6.6140e-03  
7.0550e+01  5.1840e+00  6.6240e-03  
7.1260e+01  5.1940e+00  6.6310e-03  
7.1970e+01  5.2070e+00  6.6430e-03  
7.2700e+01  5.2160e+00  6.6450e-03  
7.3430e+01  5.2260e+00  6.6560e-03  
7.4170e+01  5.2320e+00  6.6540e-03  
7.4910e+01  5.2380e+00  6.6550e-03  
7.5670e+01  5.2460e+00  6.6520e-03  
7.6430e+01  5.2540e+00  6.6570e-03  
7.7190e+01  5.2620e+00  6.6560e-03  
7.7970e+01  5.2710e+00  6.6620e-03  
7.8750e+01  5.2850e+00  6.6680e-03  
7.9540e+01  5.2940e+00  6.6740e-03  
8.0340e+01  5.2910e+00  6.6710e-03  
8.1150e+01  5.2870e+00  6.6590e-03  
8.1970e+01  5.2860e+00  6.6540e-03  
8.2790e+01  5.2920e+00  6.6630e-03  
8.3620e+01  5.2930e+00  6.6570e-03  
8.4460e+01  5.2940e+00  6.6440e-03  
8.5310e+01  5.2920e+00  6.6400e-03  
8.6170e+01  5.2880e+00  6.6330e-03  
8.7040e+01  5.2910e+00  6.6250e-03  
8.7910e+01  5.2870e+00  6.6160e-03  
8.8790e+01  5.2790e+00  6.6090e-03  
8.9690e+01  5.2690e+00  6.5870e-03  
9.0590e+01  5.2620e+00  6.5670e-03  
9.1500e+01  5.2520e+00  6.5540e-03  
9.2420e+01  5.2420e+00  6.5380e-03  
9.3350e+01  5.2380e+00  6.5240e-03  
9.4280e+01  5.2270e+00  6.5100e-03  
9.5230e+01  5.2150e+00  6.4950e-03  
9.6190e+01  5.2060e+00  6.4780e-03  
9.7160e+01  5.1880e+00  6.4550e-03  
9.8130e+01  5.1740e+00  6.4290e-03  
9.9120e+01  5.1590e+00  6.4120e-03  
1.0010e+02  5.1370e+00  6.3770e-03  
1.0110e+02  5.1170e+00  6.3540e-03  
1.0210e+02  5.1030e+00  6.3320e-03  
1.0320e+02  5.0850e+00  6.3150e-03  
1.0420e+02  5.0580e+00  6.2830e-03  
1.0520e+02  5.0380e+00  6.2400e-03  
1.0630e+02  5.0270e+00  6.2200e-03  
1.0740e+02  5.0050e+00  6.1950e-03  
1.0850e+02  4.9750e+00  6.1640e-03  
1.0950e+02  4.9550e+00  6.1430e-03  
1.1060e+02  4.9360e+00  6.1140e-03  
1.1180e+02  4.9090e+00  6.0780e-03  
1.1290e+02  4.8850e+00  6.0460e-03  
1.1400e+02  4.8600e+00  6.0200e-03  
1.1520e+02  4.8270e+00  5.9910e-03  
1.1630e+02  4.8070e+00  5.9630e-03  
1.1750e+02  4.7830e+00  5.9280e-03  
1.1870e+02  4.7490e+00  5.8870e-03  
1.1990e+02  4.7240e+00  5.8560e-03  
1.2110e+02  4.6930e+00  5.8290e-03  
1.2230e+02  4.6700e+00  5.8050e-03  
1.2350e+02  4.6390e+00  5.7660e-03  
1.2480e+02  4.6060e+00  5.7260e-03  
1.2600e+02  4.5760e+00  5.6990e-03  
1.2730e+02  4.5560e+00  5.6740e-03  
1.2860e+02  4.5260e+00  5.6420e-03  
1.2980e+02  4.4910e+00  5.6100e-03  
1.3110e+02  4.4630e+00  5.5850e-03  
1.3250e+02  4.4350e+00  5.5560e-03  
1.3380e+02  4.4050e+00  5.5260e-03  
1.3510e+02  4.3760e+00  5.4940e-03  
1.3650e+02  4.3450e+00  5.4630e-03  
1.3790e+02  4.3070e+00  5.4320e-03  
1.3930e+02  4.2830e+00  5.4110e-03  
1.4070e+02  4.2530e+00  5.3800e-03  
1.4210e+02  4.2230e+00  5.3510e-03  
1.4350e+02  4.1940e+00  5.3230e-03  
1.4490e+02  4.1630e+00  5.3000e-03  
1.4640e+02  4.1390e+00  5.2860e-03  
1.4790e+02  4.1110e+00  5.2540e-03  
1.4940e+02  4.0810e+00  5.2250e-03  
1.5090e+02  4.0490e+00  5.2020e-03  
1.5240e+02  4.0240e+00  5.1780e-03  
1.5390e+02  3.9960e+00  5.1540e-03  
1.5550e+02  3.9680e+00  5.1320e-03  
1.5700e+02  3.9420e+00  5.1170e-03  
1.5860e+02  3.9180e+00  5.1000e-03  
1.6020e+02  3.8950e+00  5.0840e-03  
1.6180e+02  3.8730e+00  5.0670e-03  
1.6340e+02  3.8390e+00  5.0310e-03  
1.6510e+02  3.8070e+00  5.0120e-03  
1.6670e+02  3.7860e+00  5.0110e-03  
1.6840e+02  3.7640e+00  4.9910e-03  
1.7010e+02  3.7450e+00  4.9750e-03  
1.7180e+02  3.7230e+00  4.9630e-03  
1.7350e+02  3.6960e+00  4.9440e-03  
1.7530e+02  3.6740e+00  4.9260e-03  
1.7700e+02  3.6500e+00  4.9120e-03  
1.7880e+02  3.6300e+00  4.9100e-03  
1.8060e+02  3.6100e+00  4.8930e-03  
1.8240e+02  3.5920e+00  4.8760e-03  
1.8430e+02  3.5740e+00  4.8740e-03  
1.8610e+02  3.5520e+00  4.8650e-03  
1.8800e+02  3.5280e+00  4.8450e-03  
1.8990e+02  3.5150e+00  4.8420e-03  
1.9180e+02  3.5010e+00  4.8430e-03  
1.9370e+02  3.4850e+00  4.8330e-03  
1.9570e+02  3.4670e+00  4.8250e-03  
1.9760e+02  3.4470e+00  4.8200e-03  
1.9960e+02  3.4350e+00  4.8180e-03  
2.0160e+02  3.4210e+00  4.8070e-03  
2.0360e+02  3.4100e+00  4.8030e-03  
2.0570e+02  3.3920e+00  4.8060e-03  
2.0770e+02  3.3750e+00  4.8030e-03  
2.0980e+02  3.3690e+00  4.7980e-03  
2.1190e+02  3.3550e+00  4.7940e-03  
2.1410e+02  3.3450e+00  4.7940e-03  
2.1620e+02  3.3330e+00  4.7930e-03  
2.1840e+02  3.3230e+00  4.7920e-03  
2.2060e+02  3.3140e+00  4.7950e-03  
2.2280e+02  3.3010e+00  4.7970e-03  
2.2510e+02  3.2910e+00  4.8010e-03  
2.2730e+02  3.2860e+00  4.7990e-03  
2.2960e+02  3.2770e+00  4.8000e-03  
2.3190e+02  3.2720e+00  4.8050e-03  
2.3420e+02  3.2650e+00  4.8110e-03  
2.3660e+02  3.2570e+00  4.8150e-03  
2.3900e+02  3.2540e+00  4.8220e-03  
2.4140e+02  3.2480e+00  4.8240e-03  
2.4380e+02  3.2400e+00  4.8330e-03  
2.4620e+02  3.2300e+00  4.8370e-03  
2.4870e+02  3.2210e+00  4.8420e-03  
2.5120e+02  3.2170e+00  4.8500e-03  
2.5370e+02  3.2100e+00  4.8590e-03  
2.5630e+02  3.2070e+00  4.8690e-03  
2.5890e+02  3.2050e+00  4.8740e-03  
2.6150e+02  3.2090e+00  4.8800e-03  
2.6410e+02  3.2050e+00  4.8870e-03  
2.6680e+02  3.2000e+00  4.9010e-03  
2.6940e+02  3.2010e+00  4.9160e-03  
2.7210e+02  3.2000e+00  4.9250e-03  
2.7490e+02  3.1930e+00  4.9300e-03  
2.7760e+02  3.1850e+00  4.9320e-03  
2.8040e+02  3.1810e+00  4.9400e-03  
2.8330e+02  3.1820e+00  4.9540e-03  
2.8610e+02  3.1870e+00  4.9710e-03  
2.8900e+02  3.1920e+00  4.9810e-03  
2.9190e+02  3.1910e+00  4.9910e-03  
2.9480e+02  3.1930e+00  5.0140e-03  
2.9780e+02  3.1900e+00  5.0210e-03  
3.0080e+02  3.1940e+00  5.0300e-03  
3.0380e+02  3.1910e+00  5.0320e-03  
3.0680e+02  3.1930e+00  5.0440e-03  
3.0990e+02  3.1940e+00  5.0660e-03  
3.1300e+02  3.1960e+00  5.0780e-03  
3.1620e+02  3.1930e+00  5.0870e-03  
3.1940e+02  3.1980e+00  5.0940e-03  
3.2260e+02  3.1990e+00  5.1020e-03  
3.2580e+02  3.2030e+00  5.1150e-03  
3.2910e+02  3.2070e+00  5.1260e-03  
3.3240e+02  3.2080e+00  5.1350e-03  
3.3570e+02  3.2040e+00  5.1410e-03  
3.3910e+02  3.2070e+00  5.1490e-03  
3.4250e+02  3.2160e+00  5.1670e-03  
3.4600e+02  3.2200e+00  5.1840e-03  
3.4940e+02  3.2180e+00  5.1830e-03  
3.5300e+02  3.2250e+00  5.1880e-03  
3.5650e+02  3.2230e+00  5.1850e-03  
3.6010e+02  3.2260e+00  5.1940e-03  
3.6370e+02  3.2340e+00  5.2160e-03  
3.6740e+02  3.2340e+00  5.2190e-03  
3.7100e+02  3.2390e+00  5.2180e-03  
3.7480e+02  3.2390e+00  5.2160e-03  
3.7850e+02  3.2460e+00  5.2170e-03  
3.8230e+02  3.2510e+00  5.2230e-03  
3.8620e+02  3.2530e+00  5.2310e-03  
3.9010e+02  3.2600e+00  5.2330e-03  
3.9400e+02  3.2620e+00  5.2340e-03  
3.9800e+02  3.2690e+00  5.2340e-03  
4.0200e+02  3.2650e+00  5.2290e-03  
4.0600e+02  3.2660e+00  5.2350e-03  
4.1010e+02  3.2760e+00  5.2510e-03  
4.1420e+02  3.2790e+00  5.2620e-03  
4.1840e+02  3.2820e+00  5.2570e-03  
4.2260e+02  3.2880e+00  5.2530e-03  
4.2680e+02  3.2930e+00  5.2490e-03  
4.3110e+02  3.2970e+00  5.2580e-03  
4.3540e+02  3.3100e+00  5.2820e-03  
4.3980e+02  3.3130e+00  5.2990e-03  
4.4420e+02  3.3130e+00  5.3090e-03  
4.4870e+02  3.3170e+00  5.3200e-03  
4.5320e+02  3.3260e+00  5.3440e-03  
4.5780e+02  3.3320e+00  5.3750e-03  
4.6240e+02  3.3370e+00  5.4070e-03  
4.6700e+02  3.3430e+00  5.4440e-03  
4.7170e+02  3.3490e+00  5.4810e-03  
4.7640e+02  3.3570e+00  5.5210e-03  
4.8120e+02  3.3620e+00  5.5710e-03  
4.8610e+02  3.3680e+00  5.6300e-03  
4.9090e+02  3.3750e+00  5.6990e-03  
4.9590e+02  3.3860e+00  5.7780e-03  
5.0090e+02  3.3960e+00  3.4460e-02  
5.0590e+02  3.3990e+00  3.4510e-02  
5.1100e+02  3.3960e+00  3.4490e-02  
5.1610e+02  3.4010e+00  3.4570e-02  
5.2130e+02  3.4050e+00  3.4640e-02  
5.2650e+02  3.4080e+00  3.4690e-02  
5.3180e+02  3.4200e+00  3.4840e-02  
5.3720e+02  3.4250e+00  3.4930e-02  
5.4260e+02  3.4370e+00  3.5090e-02  
5.4800e+02  3.4490e+00  3.5260e-02  
5.5350e+02  3.4560e+00  3.5370e-02  
5.5910e+02  3.4600e+00  3.5470e-02  
