# U[MeV]  T[MeV]  NCUMUL   RHOOBS   RHOTOT     J=0      J=1      J=2      J=3      J=4      J=5      J=6      J=7      J=8      J=9     J=10     J=11     J=12     J=13     J=14     J=15     J=16     J=17     J=18     J=19     J=20     J=21     J=22     J=23     J=24     J=25     J=26     J=27     J=28     J=29
   0.25  0.500  4.31E+00 4.31E+00 4.31E+00  7.24E-01 1.52E+00 1.24E+00 5.95E-01 1.83E-01 3.76E-02 5.21E-03 4.93E-04 3.21E-05 1.44E-06 4.48E-08 9.66E-10 1.44E-11 1.50E-13 1.09E-15 5.48E-18 1.92E-20 4.71E-23 8.04E-26 9.57E-29 7.96E-32 4.61E-35 1.87E-38 5.29E-42 1.04E-45 1.44E-49 1.39E-53 9.35E-58 4.40E-62 1.45E-66
   0.50  0.500  9.44E+00 5.14E+00 5.14E+00  8.64E-01 1.81E+00 1.48E+00 7.10E-01 2.19E-01 4.48E-02 6.21E-03 5.88E-04 3.83E-05 1.72E-06 5.34E-08 1.15E-09 1.72E-11 1.79E-13 1.30E-15 6.54E-18 2.29E-20 5.62E-23 9.59E-26 1.14E-28 9.49E-32 5.50E-35 2.23E-38 6.30E-42 1.24E-45 1.72E-49 1.66E-53 1.11E-57 5.24E-62 1.72E-66
   0.75  0.500  1.94E+01 9.95E+00 9.95E+00  1.67E+00 3.51E+00 2.87E+00 1.37E+00 4.24E-01 8.68E-02 1.20E-02 1.14E-03 7.42E-05 3.33E-06 1.04E-07 2.23E-09 3.34E-11 3.47E-13 2.51E-15 1.27E-17 4.45E-20 1.09E-22 1.86E-25 2.21E-28 1.84E-31 1.07E-34 4.32E-38 1.22E-41 2.41E-45 3.33E-49 3.21E-53 2.16E-57 1.02E-61 3.34E-66
   1.00  0.500  3.52E+01 1.58E+01 1.58E+01  2.66E+00 5.58E+00 4.55E+00 2.18E+00 6.72E-01 1.38E-01 1.91E-02 1.81E-03 1.18E-04 5.29E-06 1.64E-07 3.54E-09 5.30E-11 5.51E-13 3.99E-15 2.01E-17 7.05E-20 1.73E-22 2.95E-25 3.51E-28 2.92E-31 1.69E-34 6.85E-38 1.94E-41 3.83E-45 5.28E-49 5.09E-53 3.43E-57 1.61E-61 5.30E-66
   1.25  0.500  5.54E+01 2.02E+01 2.02E+01  2.35E+00 5.53E+00 5.68E+00 3.85E+00 1.88E+00 6.88E-01 1.91E-01 4.05E-02 6.65E-03 8.44E-04 8.33E-05 6.39E-06 3.82E-07 1.78E-08 6.50E-10 1.85E-11 4.13E-13 7.19E-15 9.82E-17 1.05E-18 8.78E-21 5.76E-23 2.96E-25 1.19E-27 3.76E-30 9.31E-33 1.81E-35 2.75E-38 3.28E-41 3.07E-44
   1.50  0.500  9.02E+01 3.48E+01 3.48E+01  2.66E+00 6.82E+00 8.31E+00 7.26E+00 4.98E+00 2.78E+00 1.28E+00 4.91E-01 1.59E-01 4.31E-02 9.91E-03 1.93E-03 3.19E-04 4.47E-05 5.33E-06 5.40E-07 4.66E-08 3.42E-09 2.14E-10 1.14E-11 5.20E-13 2.02E-14 6.67E-16 1.88E-17 4.52E-19 9.29E-21 1.63E-22 2.43E-24 3.11E-26 3.38E-28
   1.75  0.500  1.47E+02 5.73E+01 5.73E+01  3.27E+00 8.72E+00 1.15E+01 1.14E+01 9.19E+00 6.28E+00 3.69E+00 1.89E+00 8.44E-01 3.31E-01 1.14E-01 3.48E-02 9.38E-03 2.23E-03 4.71E-04 8.79E-05 1.46E-05 2.14E-06 2.79E-07 3.22E-08 3.31E-09 3.02E-10 2.44E-11 1.76E-12 1.13E-13 6.39E-15 3.23E-16 1.45E-17 5.79E-19 2.06E-20
   2.00  0.500  2.36E+02 8.82E+01 8.82E+01  4.01E+00 1.10E+01 1.52E+01 1.61E+01 1.43E+01 1.10E+01 7.50E+00 4.53E+00 2.45E+00 1.19E+00 5.24E-01 2.08E-01 7.46E-02 2.42E-02 7.15E-03 1.91E-03 4.64E-04 1.02E-04 2.06E-05 3.75E-06 6.21E-07 9.37E-08 1.29E-08 1.60E-09 1.82E-10 1.89E-11 1.78E-12 1.52E-13 1.19E-14 8.45E-16
   2.25  0.500  3.75E+02 1.39E+02 1.39E+02  5.27E+00 1.46E+01 2.09E+01 2.33E+01 2.20E+01 1.84E+01 1.37E+01 9.26E+00 5.69E+00 3.19E+00 1.64E+00 7.73E-01 3.35E-01 1.34E-01 4.92E-02 1.67E-02 5.21E-03 1.50E-03 4.01E-04 9.85E-05 2.24E-05 4.70E-06 9.13E-07 1.64E-07 2.72E-08 4.17E-09 5.92E-10 7.77E-11 9.43E-12 1.06E-12
   2.50  0.500  5.64E+02 1.89E+02 1.89E+02  6.13E+00 1.72E+01 2.52E+01 2.90E+01 2.87E+01 2.53E+01 2.02E+01 1.47E+01 9.89E+00 6.13E+00 3.52E+00 1.88E+00 9.32E-01 4.30E-01 1.85E-01 7.41E-02 2.77E-02 9.66E-03 3.15E-03 9.57E-04 2.72E-04 7.22E-05 1.79E-05 4.16E-06 9.02E-07 1.83E-07 3.47E-08 6.16E-09 1.02E-09 1.59E-10
   2.75  0.500  9.38E+02 3.74E+02 3.74E+02  1.06E+01 2.99E+01 4.45E+01 5.25E+01 5.37E+01 4.93E+01 4.14E+01 3.20E+01 2.30E+01 1.54E+01 9.60E+00 5.61E+00 3.08E+00 1.58E+00 7.64E-01 3.47E-01 1.48E-01 5.95E-02 2.25E-02 8.03E-03 2.69E-03 8.52E-04 2.54E-04 7.14E-05 1.89E-05 4.72E-06 1.11E-06 2.47E-07 5.18E-08 1.02E-08
   3.00  0.500  1.45E+03 5.08E+02 5.08E+02  1.28E+01 3.64E+01 5.48E+01 6.59E+01 6.92E+01 6.56E+01 5.72E+01 4.63E+01 3.50E+01 2.48E+01 1.65E+01 1.04E+01 6.14E+00 3.43E+00 1.82E+00 9.08E-01 4.30E-01 1.93E-01 8.19E-02 3.30E-02 1.26E-02 4.56E-03 1.57E-03 5.11E-04 1.58E-04 4.63E-05 1.29E-05 3.41E-06 8.57E-07 2.04E-07
   3.25  0.500  2.26E+03 8.12E+02 8.12E+02  1.83E+01 5.26E+01 8.00E+01 9.77E+01 1.05E+02 1.02E+02 9.17E+01 7.69E+01 6.06E+01 4.50E+01 3.15E+01 2.09E+01 1.32E+01 7.88E+00 4.48E+00 2.42E+00 1.24E+00 6.08E-01 2.84E-01 1.26E-01 5.33E-02 2.15E-02 8.27E-03 3.03E-03 1.06E-03 3.54E-04 1.13E-04 3.42E-05 9.92E-06 2.75E-06
   3.50  0.500  3.57E+03 1.31E+03 1.31E+03  2.69E+01 7.73E+01 1.19E+02 1.47E+02 1.60E+02 1.59E+02 1.47E+02 1.27E+02 1.03E+02 7.95E+01 5.81E+01 4.04E+01 2.68E+01 1.69E+01 1.02E+01 5.86E+00 3.22E+00 1.69E+00 8.50E-01 4.09E-01 1.88E-01 8.29E-02 3.49E-02 1.41E-02 5.46E-03 2.02E-03 7.18E-04 2.44E-04 7.97E-05 2.49E-05
   3.75  0.500  5.68E+03 2.11E+03 2.11E+03  3.96E+01 1.14E+02 1.77E+02 2.21E+02 2.44E+02 2.47E+02 2.33E+02 2.06E+02 1.73E+02 1.37E+02 1.04E+02 7.51E+01 5.19E+01 3.42E+01 2.17E+01 1.31E+01 7.63E+00 4.26E+00 2.28E+00 1.17E+00 5.77E-01 2.74E-01 1.25E-01 5.45E-02 2.29E-02 9.27E-03 3.60E-03 1.35E-03 4.84E-04 1.67E-04
   4.00  0.500  9.57E+03 3.89E+03 3.89E+03  6.75E+01 1.96E+02 3.04E+02 3.83E+02 4.29E+02 4.40E+02 4.22E+02 3.81E+02 3.27E+02 2.67E+02 2.08E+02 1.55E+02 1.11E+02 7.63E+01 5.03E+01 3.18E+01 1.94E+01 1.14E+01 6.42E+00 3.49E+00 1.82E+00 9.20E-01 4.47E-01 2.09E-01 9.44E-02 4.11E-02 1.72E-02 6.98E-03 2.72E-03 1.02E-03
   4.25  0.500  1.34E+04 3.87E+03 3.87E+03  6.22E+01 1.81E+02 2.82E+02 3.59E+02 4.05E+02 4.21E+02 4.10E+02 3.77E+02 3.30E+02 2.76E+02 2.20E+02 1.69E+02 1.25E+02 8.84E+01 6.03E+01 3.97E+01 2.52E+01 1.54E+01 9.09E+00 5.18E+00 2.85E+00 1.52E+00 7.78E-01 3.86E-01 1.85E-01 8.58E-02 3.84E-02 1.66E-02 6.97E-03 2.82E-03
   4.50  0.500  2.05E+04 7.05E+03 7.05E+03  1.06E+02 3.08E+02 4.83E+02 6.18E+02 7.05E+02 7.40E+02 7.30E+02 6.82E+02 6.07E+02 5.17E+02 4.23E+02 3.32E+02 2.51E+02 1.83E+02 1.29E+02 8.77E+01 5.76E+01 3.66E+01 2.25E+01 1.33E+01 7.67E+00 4.27E+00 2.30E+00 1.20E+00 6.06E-01 2.96E-01 1.40E-01 6.45E-02 2.87E-02 1.24E-02
   4.75  0.500  3.30E+04 1.25E+04 1.25E+04  1.77E+02 5.15E+02 8.11E+02 1.04E+03 1.20E+03 1.27E+03 1.27E+03 1.20E+03 1.08E+03 9.40E+02 7.83E+02 6.28E+02 4.86E+02 3.64E+02 2.63E+02 1.84E+02 1.24E+02 8.16E+01 5.19E+01 3.19E+01 1.91E+01 1.10E+01 6.21E+00 3.38E+00 1.79E+00 9.18E-01 4.57E-01 2.21E-01 1.04E-01 4.73E-02
   5.00  0.500  5.69E+04 2.38E+04 2.38E+04  3.16E+02 9.22E+02 1.46E+03 1.88E+03 2.18E+03 2.33E+03 2.35E+03 2.25E+03 2.06E+03 1.81E+03 1.54E+03 1.25E+03 9.91E+02 7.57E+02 5.61E+02 4.02E+02 2.80E+02 1.89E+02 1.24E+02 7.86E+01 4.85E+01 2.91E+01 1.70E+01 9.61E+00 5.29E+00 2.83E+00 1.47E+00 7.45E-01 3.67E-01 1.76E-01
   5.50  0.500  1.13E+05 5.60E+04 5.60E+04  6.63E+02 1.94E+03 3.09E+03 4.02E+03 4.70E+03 5.10E+03 5.23E+03 5.11E+03 4.79E+03 4.32E+03 3.76E+03 3.17E+03 2.59E+03 2.06E+03 1.58E+03 1.18E+03 8.62E+02 6.10E+02 4.20E+02 2.82E+02 1.84E+02 1.17E+02 7.27E+01 4.39E+01 2.59E+01 1.49E+01 8.33E+00 4.55E+00 2.42E+00 1.26E+00
   6.00  0.500  3.43E+05 2.30E+05 2.30E+05  2.47E+03 7.24E+03 1.16E+04 1.52E+04 1.79E+04 1.96E+04 2.04E+04 2.03E+04 1.93E+04 1.78E+04 1.59E+04 1.37E+04 1.15E+04 9.41E+03 7.48E+03 5.79E+03 4.37E+03 3.22E+03 2.31E+03 1.62E+03 1.11E+03 7.38E+02 4.82E+02 3.07E+02 1.91E+02 1.16E+02 6.90E+01 4.00E+01 2.27E+01 1.26E+01
   6.50  0.500  2.13E+06 1.79E+06 1.79E+06  1.75E+04 5.14E+04 8.24E+04 1.09E+05 1.29E+05 1.43E+05 1.50E+05 1.51E+05 1.47E+05 1.37E+05 1.25E+05 1.10E+05 9.46E+04 7.91E+04 6.46E+04 5.14E+04 4.00E+04 3.04E+04 2.26E+04 1.64E+04 1.16E+04 8.08E+03 5.49E+03 3.65E+03 2.38E+03 1.52E+03 9.46E+02 5.78E+02 3.46E+02 2.03E+02
   7.00  0.500  1.60E+07 1.39E+07 1.39E+07  1.25E+05 3.68E+05 5.91E+05 7.84E+05 9.38E+05 1.05E+06 1.11E+06 1.13E+06 1.11E+06 1.05E+06 9.72E+05 8.73E+05 7.64E+05 6.53E+05 5.45E+05 4.44E+05 3.54E+05 2.76E+05 2.11E+05 1.58E+05 1.16E+05 8.32E+04 5.85E+04 4.04E+04 2.73E+04 1.81E+04 1.18E+04 7.50E+03 4.69E+03 2.88E+03
   7.50  0.500  1.24E+08 1.08E+08 1.08E+08  8.98E+05 2.65E+06 4.27E+06 5.68E+06 6.84E+06 7.69E+06 8.22E+06 8.44E+06 8.36E+06 8.04E+06 7.52E+06 6.86E+06 6.10E+06 5.30E+06 4.51E+06 3.75E+06 3.06E+06 2.44E+06 1.91E+06 1.47E+06 1.10E+06 8.15E+05 5.91E+05 4.20E+05 2.94E+05 2.01E+05 1.36E+05 8.96E+04 5.82E+04 3.71E+04
   8.00  0.500  9.60E+08 8.37E+08 8.37E+08  6.72E+06 1.98E+07 3.20E+07 4.27E+07 5.15E+07 5.81E+07 6.23E+07 6.42E+07 6.40E+07 6.19E+07 5.82E+07 5.34E+07 4.79E+07 4.19E+07 3.60E+07 3.02E+07 2.49E+07 2.01E+07 1.59E+07 1.23E+07 9.39E+06 7.02E+06 5.16E+06 3.72E+06 2.64E+06 1.84E+06 1.26E+06 8.44E+05 5.57E+05 3.62E+05
   8.50  0.500  7.46E+09 6.50E+09 6.50E+09  5.06E+07 1.50E+08 2.42E+08 3.23E+08 3.90E+08 4.41E+08 4.74E+08 4.90E+08 4.91E+08 4.76E+08 4.50E+08 4.16E+08 3.75E+08 3.30E+08 2.85E+08 2.41E+08 2.00E+08 1.63E+08 1.30E+08 1.02E+08 7.82E+07 5.91E+07 4.39E+07 3.20E+07 2.29E+07 1.62E+07 1.12E+07 7.62E+06 5.10E+06 3.36E+06
   9.00  0.500  5.79E+10 5.04E+10 5.04E+10  3.82E+08 1.13E+09 1.83E+09 2.44E+09 2.95E+09 3.35E+09 3.61E+09 3.75E+09 3.76E+09 3.67E+09 3.48E+09 3.23E+09 2.93E+09 2.59E+09 2.25E+09 1.92E+09 1.60E+09 1.31E+09 1.06E+09 8.34E+08 6.48E+08 4.94E+08 3.70E+08 2.73E+08 1.98E+08 1.41E+08 9.86E+07 6.79E+07 4.60E+07 3.07E+07
   9.50  0.500  4.50E+11 3.92E+11 3.92E+11  2.89E+09 8.54E+09 1.38E+10 1.85E+10 2.24E+10 2.55E+10 2.75E+10 2.87E+10 2.89E+10 2.82E+10 2.69E+10 2.51E+10 2.28E+10 2.03E+10 1.78E+10 1.52E+10 1.28E+10 1.06E+10 8.55E+09 6.81E+09 5.33E+09 4.10E+09 3.10E+09 2.30E+09 1.69E+09 1.21E+09 8.59E+08 5.98E+08 4.10E+08 2.76E+08
